10000 1 162.222481
100000 1 1395.223895
1000000 1 12639.510445
10000000 1 155843.347311
20000000 1 294431.746006
10000 1 162.278957
100000 1 1412.768499
1000000 1 12622.906826
10000000 1 156192.645431
20000000 1 293586.820364
10000 1 442.984514
100000 1 1943.116076
1000000 1 19735.347480
10000000 1 186381.861567
20000000 1 337862.133980
10000 1 434.440561
100000 1 2576.911822
1000000 1 16187.045723
10000000 1 166808.053851
20000000 1 311004.459858
10000 1 289.871357
100000 1 2839.687280
1000000 1 16370.896250
10000000 1 175640.478730
20000000 1 295512.676239
10000 1 330.000184
100000 1 1526.773907
1000000 1 16457.492486
10000000 1 169665.038586
20000000 1 304783.582687
10000 1 318.144448
100000 1 3361.910582
1000000 1 16384.396702
10000000 1 169922.202826
20000000 1 297111.451626
10000 1 219.914131
100000 1 1688.116230
1000000 1 16066.949815
10000000 1 165506.243706
20000000 1 297209.352255
10000 1 328.362919
100000 1 3185.087815
1000000 1 16533.205286
10000000 1 166988.924146
20000000 1 301042.914391
10000 1 289.552845
100000 1 2464.568242
1000000 1 15973.806381
10000000 1 174900.442362
20000000 1 293761.819601
10000 1 243.777409
100000 1 2132.609487
1000000 1 16755.182296
10000000 1 162169.188261
20000000 1 312136.739492
10000 1 300.188549
100000 1 2613.986842
1000000 1 15788.374469
10000000 1 165734.931827
20000000 1 293136.358261
10000 1 251.664780
100000 1 1515.629701
1000000 1 19500.054419
10000000 1 160200.983286
20000000 1 317385.107279
10000 1 352.929346
100000 1 2134.538256
1000000 1 16586.786136
10000000 1 163390.517235
20000000 1 291568.905115
10000 1 377.343968
100000 1 2879.184671
1000000 1 16640.746966
10000000 1 168133.139610
20000000 1 292573.392391
10000 1 415.526330
100000 1 3041.764721
1000000 1 16527.872533
10000000 1 188244.804740
20000000 1 305732.548237
10000 1 402.586535
100000 1 2978.112549
1000000 1 16241.662204
10000000 1 173745.527864
20000000 1 296762.526035
10000 1 265.717506
100000 1 1458.676532
1000000 1 19749.090075
10000000 1 186646.595597
20000000 1 298231.422901
10000 1 416.841358
100000 1 2075.140364
1000000 1 16346.929595
10000000 1 159226.298332
20000000 1 291775.107384
10000 1 379.284844
100000 1 2011.933364
1000000 1 16360.055655
10000000 1 160591.781139
20000000 1 317083.060741
10000 1 395.057723
100000 1 2602.482215
1000000 1 16198.001802
10000000 1 174970.015883
20000000 1 300304.383039
10000 1 270.215794
100000 1 1619.157381
1000000 1 19557.394087
10000000 1 161871.433258
20000000 1 302522.480488
10000 1 353.153795
100000 1 3321.537748
1000000 1 15798.892826
10000000 1 167017.117143
20000000 1 303380.131721
10000 1 270.114280
100000 1 2235.610038
1000000 1 16007.399186
10000000 1 169767.409563
20000000 1 298018.902540
10000 1 298.972242
100000 1 1649.966463
1000000 1 16456.872225
10000000 1 171488.150954
20000000 1 318047.612906
10000 1 431.212597
100000 1 3286.601976
1000000 1 16384.068877
10000000 1 161905.199289
20000000 1 293851.137161
10000 1 428.243540
100000 1 3313.744441
1000000 1 15994.010493
10000000 1 166984.453797
20000000 1 301307.559013
10000 1 373.181887
100000 1 1778.894104
1000000 1 15492.024831
10000000 1 165135.473013
20000000 1 294595.956802
10000 1 285.715796
100000 1 3314.326517
1000000 1 16299.705952
10000000 1 170219.033957
20000000 1 308808.445930
10000 1 316.957943
100000 1 3341.059200
1000000 1 16108.933836
10000000 1 168383.628130
20000000 1 303431.004286
10000 1 296.226703
100000 1 3161.249682
1000000 1 16107.648611
10000000 1 187546.908855
20000000 1 293974.727392
10000 1 267.263502
100000 1 2197.912894
1000000 1 19515.231252
10000000 1 186257.302761
20000000 1 301138.669252
10000 1 306.728296
100000 1 2463.697456
1000000 1 16856.100410
10000000 1 164431.452751
20000000 1 314239.144325
10000 1 275.105238
100000 1 2196.878195
1000000 1 15885.803849
10000000 1 161172.002554
20000000 1 317816.406488
10000 1 396.847725
100000 1 3328.300081
1000000 1 16516.949981
10000000 1 167360.648513
20000000 1 294702.649117
10000 1 356.747769
100000 1 2463.888377
1000000 1 17005.622387
10000000 1 189255.952835
20000000 1 316737.025976
10000 1 455.770642
100000 1 3327.989019
1000000 1 16509.776935
10000000 1 170449.346304
20000000 1 303557.693958
10000 1 353.680924
100000 1 2107.805572
1000000 1 20094.137639
10000000 1 163486.286998
20000000 1 303207.784891
10000 1 444.166362
100000 1 2806.549892
1000000 1 16685.968265
10000000 1 174070.596695
20000000 1 297041.624784
10000 1 376.969576
100000 1 1914.302818
1000000 1 16361.614689
10000000 1 164669.573307
20000000 1 312759.071589
10000 1 253.862701
100000 1 1665.886492
1000000 1 16112.256795
10000000 1 163848.221302
20000000 1 304218.113422
10000 1 297.649764
100000 1 2382.772043
1000000 1 16640.961170
10000000 1 169840.097427
20000000 1 294919.013977
10000 1 305.037014
100000 1 2982.594073
1000000 1 16917.176545
10000000 1 174065.142870
20000000 1 297227.650881
10000 1 250.498764
100000 1 2704.537474
1000000 1 16186.404973
10000000 1 165588.408709
20000000 1 320555.984974
10000 1 285.337679
100000 1 3359.527327
1000000 1 16139.145941
10000000 1 166730.552912
20000000 1 306859.701872
10000 1 246.042386
100000 1 3136.545420
1000000 1 16291.070729
10000000 1 171223.253012
20000000 1 302108.347416
10000 1 287.940726
100000 1 3217.033111
1000000 1 16455.944628
10000000 1 168368.890882
20000000 1 306773.841381
10000 1 271.232799
100000 1 2402.193844
1000000 1 16318.850219
10000000 1 173087.775707
20000000 1 300452.411175
10000 1 214.389525
100000 1 1604.598947
1000000 1 19284.442067
10000000 1 165629.625320
20000000 1 324466.437101
10000 1 297.239050
100000 1 1885.738224
1000000 1 16393.605620
10000000 1 170713.961124
20000000 1 299774.736166
10000 1 281.158835
100000 1 3282.934427
1000000 1 16321.245581
10000000 1 172967.925668
20000000 1 303856.372833
10000 1 298.500992
100000 1 3291.326575
1000000 1 17158.430070
10000000 1 166530.922055
20000000 1 301597.267389
10000 1 368.299894
100000 1 1749.958843
1000000 1 19491.227344
10000000 1 172181.874514
20000000 1 311296.194792
10000 1 254.181214
100000 1 1444.404945
1000000 1 16036.346555
10000000 1 164774.924517
20000000 1 318442.463875
10000 1 272.766687
100000 1 3113.701940
1000000 1 16247.725114
10000000 1 174593.731761
20000000 1 301663.547754
10000 1 253.303908
100000 1 2102.471888
1000000 1 16599.975526
10000000 1 166506.037116
20000000 1 314423.203468
10000 1 270.555727
100000 1 2202.820964
1000000 1 16529.090703
10000000 1 166295.692325
20000000 1 310803.830624
10000 1 341.081060
100000 1 2685.300075
1000000 1 16168.124974
10000000 1 168838.441372
20000000 1 316963.016987
10000 1 271.745026
100000 1 2902.062610
1000000 1 16457.363963
10000000 1 163962.915540
20000000 1 300950.437784
10000 1 286.904164
100000 1 2434.577793
1000000 1 16648.899764
10000000 1 167345.017195
20000000 1 308831.870556
10000 1 381.182879
100000 1 2710.705623
1000000 1 16841.806471
10000000 1 168168.008327
20000000 1 303530.305624
10000 1 352.885574
100000 1 2410.045825
1000000 1 16530.774534
10000000 1 167429.804802
20000000 1 315548.926592
10000 1 252.044760
100000 1 2188.480459
1000000 1 16615.375876
10000000 1 166654.512286
20000000 1 300158.381462
10000 1 355.135649
100000 1 2996.242605
1000000 1 16858.655959
10000000 1 164883.092046
20000000 1 312847.465277
10000 1 306.084752
100000 1 2168.501727
1000000 1 16459.601000
10000000 1 175211.206079
20000000 1 294921.904802
10000 1 283.933245
100000 1 3191.181459
1000000 1 16237.176955
10000000 1 165824.830532
20000000 1 300680.279732
10000 1 388.490036
100000 1 2495.590597
1000000 1 20030.906424
10000000 1 163357.123733
20000000 1 302289.962769
10000 1 353.326090
100000 1 1670.226455
1000000 1 16779.532656
10000000 1 165359.631181
20000000 1 309659.928083
10000 1 299.803913
100000 1 1979.502849
1000000 1 15752.965584
10000000 1 167676.061392
20000000 1 300329.327583
10000 1 287.025236
100000 1 3049.655817
1000000 1 16539.663076
10000000 1 189040.362835
20000000 1 294285.655022
10000 1 276.008621
100000 1 2816.324122
1000000 1 19949.868321
10000000 1 184378.772974
20000000 1 309332.549572
10000 1 244.686380
100000 1 1619.494520
1000000 1 15398.382209
10000000 1 176678.642631
20000000 1 305675.566196
10000 1 304.046087
100000 1 3184.140660
1000000 1 16736.820340
10000000 1 160083.666444
20000000 1 312577.754259
10000 1 429.097563
100000 1 1987.672411
1000000 1 19497.256726
10000000 1 161671.966314
20000000 1 303142.726421
10000 1 294.802710
100000 1 1749.360934
1000000 1 16617.227346
10000000 1 164457.201958
20000000 1 314212.977886
10000 1 322.340056
100000 1 2418.597229
1000000 1 16140.975058
10000000 1 162384.569645
20000000 1 299173.742533
10000 1 314.314850
100000 1 3264.910541
1000000 1 16236.800700
10000000 1 173338.592052
20000000 1 300472.229719
10000 1 262.379646
100000 1 3039.571457
1000000 1 16396.228224
10000000 1 186906.591058
20000000 1 303681.403399
10000 1 259.554014
100000 1 1417.007297
1000000 1 16506.241634
10000000 1 164964.750409
20000000 1 324018.687010
10000 1 287.423842
100000 1 2511.189319
1000000 1 16237.361357
10000000 1 165990.695357
20000000 1 297568.708658
10000 1 290.228985
100000 1 2962.592058
1000000 1 16654.491425
10000000 1 165471.374989
20000000 1 301719.635725
10000 1 272.559933
100000 1 2848.210745
1000000 1 19329.346716
10000000 1 163381.338120
20000000 1 315114.319324
10000 1 294.097699
100000 1 1586.708240
1000000 1 16760.136932
10000000 1 172777.965665
20000000 1 310126.870871
10000 1 380.871817
100000 1 2709.069289
1000000 1 16564.205289
10000000 1 174009.054899
20000000 1 301300.853491
10000 1 204.612501
100000 1 2192.310058
1000000 1 16422.636807
10000000 1 173680.394888
20000000 1 297708.123922
10000 1 290.604308
100000 1 2916.223370
1000000 1 16280.699521
10000000 1 166958.898306
20000000 1 297354.876995
10000 1 355.157070
100000 1 2679.951489
1000000 1 16307.547688
10000000 1 188398.450613
20000000 1 299079.179764
10000 1 254.958868
100000 1 1609.538682
1000000 1 19093.772396
10000000 1 165375.843644
20000000 1 315164.864063
10000 1 287.250616
100000 1 2828.243189
1000000 1 16530.510038
10000000 1 166525.900364
20000000 1 306088.715792
10000 1 263.395719
100000 1 2640.443854
1000000 1 16650.458798
10000000 1 166308.626533
20000000 1 294508.188963
10000 1 268.111005
100000 1 2588.986419
1000000 1 16422.897577
10000000 1 165014.013648
20000000 1 300217.449665
10000 1 273.182057
100000 1 2306.007780
1000000 1 15999.156982
10000000 1 165757.030249
20000000 1 294259.786606
10000 1 300.168060
100000 1 2937.793732
1000000 1 16997.613013
10000000 1 175504.162908
20000000 1 316716.223955
10000 1 379.480422
100000 1 1880.745403
1000000 1 15845.824033
10000000 1 165142.506361
20000000 1 302868.783474
10000 1 435.236841
100000 1 2643.590793
1000000 1 16788.266599
10000000 1 175126.239657
20000000 1 319213.956594
10000 1 282.648951
100000 1 1580.460928
1000000 1 16408.871859
10000000 1 164975.777268
20000000 1 295071.780682
10000 1 269.715674
100000 1 2917.138860
1000000 1 16711.965203
10000000 1 173547.118902
20000000 1 296340.405941
10000 1 251.865946
100000 1 2916.703001
1000000 1 16070.690006
10000000 1 168832.674623
20000000 1 298096.597195
10000 1 305.386260
100000 1 3090.691753
1000000 1 19338.332117
10000000 1 172531.917691
20000000 1 300635.933876
10000 1 356.959179
100000 1 2619.677223
1000000 1 15984.222293
10000000 1 166738.405824
20000000 1 310287.564993
10000 1 248.691998
100000 1 3309.953026
1000000 1 16195.952892
10000000 1 200815.007091
20000000 1 303766.101599
10000 1 325.408764
100000 1 2779.279836
1000000 1 16546.847299
10000000 1 175044.745207
20000000 1 300272.047520
10000 1 426.946208
100000 1 2308.627591
1000000 1 19881.460816
10000000 1 175316.914916
20000000 1 307128.995657
10000 1 432.098284
100000 1 2113.259397
1000000 1 16546.450555
