10000 1 196.715802 0.500000 2.000000
100000 1 1136.912964 0.500000 2.000000
1000000 1 10189.912282 0.500000 2.000000
10000000 1 99037.751555 0.500000 2.000000
20000000 1 193254.113197 0.500000 2.000000
10000 1 196.910507 0.500000 2.000000
100000 1 1116.282772 0.500000 2.000000
1000000 1 10325.307958 0.500000 2.000000
10000000 1 99369.823933 0.500000 2.000000
20000000 1 195235.505700 0.500000 2.000000
1000 1 354.857999 0.500000 3.000000
10000 203.427902 0.500000 0.100000
10000 208.118305 0.500000 0.100000
10000 153.933201 0.500000 0.100000
10000 203.953998 0.500000 0.100000
10000 192.728898 0.500000 0.100000
10000 113.798596 0.500000 0.100000
100000 1330.846804 0.500000 0.100000
100000 612.775912 0.500000 0.100000
1000 284.403999 0.500000 0.100000
1000 403.120997 0.500000 0.100000
10000 437.048991 0.500000 0.100000
10000 475.331995 0.500000 0.100000
10000 466.691999 0.500000 0.100000
1000 410.668988 0.500000 0.100000
100000 804.692972 0.500000 0.100000
100000 854.242011 0.500000 0.100000
100000 787.539990 0.500000 0.100000
100000 795.402972 0.500000 0.100000
100000 804.702984 0.500000 0.100000
100000 839.403016 0.500000 0.100000
100000 797.752989 0.500000 0.100000
100000 774.970977 0.500000 0.100000
100000 824.947027 0.500000 0.100000
100000 815.479027 0.500000 0.100000
100000 797.534012 0.500000 0.100000
100000 802.461000 0.500000 0.100000
10000 468.114013 0.500000 0.100000
100 371.859001 0.500000 0.100000
100000 868.159987 0.500000 0.100000
100000 781.232025 0.500000 0.100000
100000 796.830980 0.500000 0.100000
100000 871.286029 0.500000 0.100000
100000 2765.510930 0.500000 0.100000
100000 798.081979 0.500000 0.100000
100000 6556.710228 0.500000 0.100000
100 371.998001 0.500000 0.100000
100 347.158988 0.500000 0.100000
1000 367.886008 0.500000 0.100000
10000 6272.015162 0.500000 0.100000
100000 917.666010 0.500000 0.100000
1000 426.093000 0.500000 0.100000
1000 304.187997 0.500000 0.100000
1000 340.948987 0.500000 0.100000
1000 376.629003 0.500000 0.100000
1000 363.555009 0.500000 0.100000
1000 308.713992 0.500000 0.100000
1000 369.196001 0.500000 0.100000
1000 375.970994 0.500000 0.100000
1000 423.416001 0.500000 0.100000
1000 8404.590189 0.500000 0.100000
1000 378.644007 0.500000 0.100000
1000 379.770994 0.500000 0.100000
1000 383.726991 0.500000 0.100000
1000 422.568002 0.500000 0.100000
1000 376.170006 0.500000 0.100000
1000 393.766008 0.500000 0.100000
1000 392.813003 0.500000 0.100000
1000 375.328003 0.500000 0.100000
1000 384.507992 0.500000 0.100000
1000 368.959998 0.500000 0.100000
1000 327.583984 0.500000 0.100000
10000 503.087009 0.500000 0.100000
10000 2002.845984 0.500000 0.100000
10000 472.156011 0.500000 0.100000
1000 406.829000 0.500000 0.100000
1000 380.193000 0.500000 0.100000
1000 376.401003 0.500000 0.100000
1000 1594.739966 0.500000 0.100000
1000 2089.363057 0.500000 0.100000
1000 2092.436887 0.500000 0.100000
1000 977.020012 0.500000 0.100000
1000 4823.988769 0.500000 0.100000
1000 5220.309831 0.500000 0.100000
1000 366.746011 0.500000 0.100000
10000 456.882000 0.500000 0.100000
10000 504.570024 0.500000 0.100000
10000 444.426987 0.500000 0.100000
10000 10982.230306 0.500000 0.100000
10000 489.889993 0.500000 0.100000
10000 434.460992 0.500000 0.100000
10000 401.321013 0.500000 0.100000
10000 479.392009 0.500000 0.100000
10000 463.847013 0.500000 0.100000
10000 461.393007 0.500000 0.100000
10000 479.567010 0.500000 0.100000
10000 287.200994 0.500000 0.100000
10000 346.962013 0.500000 0.100000
10000 469.941006 0.500000 0.100000
10000 462.769007 0.500000 0.100000
10000 395.009003 0.500000 0.100000
10000 405.411003 0.500000 0.100000
10000 490.950013 0.500000 0.100000
10000 461.641990 0.500000 0.100000
10000 14330.092818 0.500000 0.100000
10000 462.083000 0.500000 0.100000
10000 522.389018 0.500000 0.100000
10000 530.963996 0.500000 0.100000
10000 511.603022 0.500000 0.100000
10000 546.912022 0.500000 0.100000
10000 530.903984 0.500000 0.100000
10000 523.275987 0.500000 0.100000
10000 476.437999 0.500000 0.100000
10000 518.270012 0.500000 0.100000
10000 518.189976 0.500000 0.100000
10000 523.636991 0.500000 0.100000
10000 514.774991 0.500000 0.100000
10000 506.336975 0.500000 0.100000
10000 515.708001 0.500000 0.100000
10000 397.213007 0.500000 0.100000
10000 512.776023 0.500000 0.100000
10000 520.528993 0.500000 0.100000
10000 533.482991 0.500000 0.100000
10000 484.793010 0.500000 0.100000
10000 507.554971 0.500000 0.100000
10000 548.083975 0.500000 0.100000
10000 518.043002 0.500000 0.100000
10000 517.802022 0.500000 0.100000
10000 478.475995 0.500000 0.100000
10000 516.419008 0.500000 0.100000
100000 9073.834866 0.500000 0.100000
100000 2479.685936 0.500000 0.100000
100000 5042.571109 0.500000 0.100000
100000 3733.813064 0.500000 0.100000
100000 1355.831046 0.500000 0.100000
100000 1214.449061 0.500000 0.100000
100000 1173.004974 0.500000 0.100000
100000 1100.593945 0.500000 0.100000
100000 1112.772035 0.500000 0.100000
100000 1106.288983 0.500000 0.100000
10000 456.942013 0.500000 0.100000
10000 526.411983 0.500000 0.100000
10000 521.193026 0.500000 0.100000
10000 528.634002 0.500000 0.100000
10000 472.373998 0.500000 0.100000
10000 491.457002 0.500000 0.100000
10000 1975.670923 0.500000 0.100000
10000 1848.442014 0.500000 0.100000
10000 1867.106999 0.500000 0.100000
10000 911.769981 0.500000 0.100000
10000 1561.432029 0.500000 0.100000
10000 1686.334028 0.500000 0.100000
10000 1828.426961 0.500000 0.100000
10000 1271.388959 0.500000 0.100000
10000 1838.756958 0.500000 0.100000
10000 1809.997018 0.500000 0.100000
10000 1836.695941 0.500000 0.100000
10000 1819.664030 0.500000 0.100000
10000 1853.746944 0.500000 0.100000
10000 994.847040 0.500000 0.100000
10000 1757.725026 0.500000 0.100000
10000 1853.861031 0.500000 0.100000
10000 1879.488002 0.500000 0.100000
10000 1800.211961 0.500000 0.100000
10000 1856.751041 0.500000 0.100000
10000 1794.202020 0.500000 0.100000
10000 1652.979990 0.500000 0.100000
10000 420.395983 0.500000 0.100000
10000 521.618000 0.500000 0.100000
10000 512.878993 0.500000 0.100000
10000 410.200009 0.500000 0.100000
10000 555.852021 0.500000 0.100000
10000 552.077021 0.500000 0.100000
10000 531.598984 0.500000 0.100000
10000 572.187011 0.500000 0.100000
10000 541.595975 0.500000 0.100000
10000 533.498998 0.500000 0.100000
10000 489.216996 0.500000 0.100000
10000 519.628986 0.500000 0.100000
100000 1094.704960 0.500000 0.100000
100000 2061.639912 0.500000 0.100000
10000 528.204022 0.500000 0.100000
1000 380.208017 0.500000 0.100000
1000 400.163990 0.500000 0.100000
1000 382.099999 0.500000 0.100000
1000 384.832005 0.500000 0.100000
1000 397.858996 0.500000 0.100000
10000 438.015006 0.500000 0.100000
10000 532.340026 0.500000 0.100000
1000 432.828005 0.500000 0.100000
10000 578.701030 0.500000 0.100000
100000 5488.283001 0.500000 0.100000
1000 389.554014 0.500000 0.100000
1000 333.328993 0.500000 0.100000
10000 522.275979 0.500000 0.100000
10000 514.463987 0.500000 0.100000
10000 513.501989 0.500000 0.100000
10000 529.362995 0.500000 0.100000
10000 504.199008 0.500000 0.100000
10000 521.012989 0.500000 0.100000
10000 518.314017 0.500000 0.100000
10000 487.309007 0.500000 0.100000
10000 540.885027 0.500000 0.100000
10000 377.682998 0.500000 0.100000
