10000 1 296.281010
100000 1 1890.104031
1000000 1 18827.432767
10000000 1 190410.822630
20000000 1 381634.414196
10000 1 298.689003
100000 1 1897.324342
1000000 1 19053.550437
10000000 1 191077.351570
20000000 1 383346.855640
10000 1 563.990325
100000 1 4548.355006
1000000 1 24390.548468
10000000 1 197731.301188
20000000 1 386849.105358
10000 1 217.668712
100000 1 3026.873805
1000000 1 19281.268120
10000000 1 194527.789950
20000000 1 388881.802559
10000 1 471.662730
100000 1 3760.546446
1000000 1 19125.994295
10000000 1 194883.301854
20000000 1 389243.960381
10000 1 198.507681
100000 1 1970.933750
1000000 1 19548.546523
10000000 1 194886.237383
20000000 1 386723.965406
10000 1 473.286025
100000 1 2856.191248
1000000 1 18957.171589
10000000 1 194996.044040
20000000 1 389213.979244
10000 1 210.392289
100000 1 1920.872368
1000000 1 19590.118900
10000000 1 194183.126092
20000000 1 390304.803848
10000 1 200.628303
100000 1 1963.735558
1000000 1 19473.947585
10000000 1 195329.785347
20000000 1 388853.758574
10000 1 198.583119
100000 1 1986.315474
1000000 1 19764.013588
10000000 1 194533.526897
20000000 1 388058.900833
10000 1 236.840919
100000 1 1939.264126
1000000 1 19362.013787
10000000 1 194189.712405
20000000 1 390512.764454
10000 1 196.135603
100000 1 1938.261092
1000000 1 19638.292491
10000000 1 193985.506892
20000000 1 388523.876667
10000 1 197.495334
100000 1 1968.930475
1000000 1 19243.296236
10000000 1 193962.782621
20000000 1 389171.659946
10000 1 199.693255
100000 1 1983.839087
1000000 1 19355.617464
10000000 1 195157.214999
20000000 1 387802.630663
10000 1 198.736787
100000 1 2071.353607
1000000 1 19480.897114
10000000 1 194792.285562
20000000 1 390242.397785
10000 1 197.272748
100000 1 1943.418756
1000000 1 19579.211250
10000000 1 195161.029696
20000000 1 390829.026699
10000 1 214.422122
100000 1 1972.945407
1000000 1 19480.790943
10000000 1 194630.876184
20000000 1 390496.581793
10000 1 196.852721
100000 1 2176.810056
1000000 1 19123.911858
10000000 1 193801.000714
20000000 1 389228.403568
10000 1 198.788010
100000 1 1940.253191
1000000 1 19579.937682
10000000 1 194536.343217
20000000 1 389496.952295
10000 1 211.855397
100000 1 1929.956488
1000000 1 19516.501576
10000000 1 194995.209575
20000000 1 388445.049524
10000 1 201.603398
100000 1 1953.632571
1000000 1 19316.740334
10000000 1 194337.815046
20000000 1 386750.102043
10000 1 403.876416
100000 1 3782.919608
1000000 1 19634.226337
10000000 1 195174.232125
20000000 1 388322.770596
10000 1 206.232071
100000 1 1915.640198
1000000 1 19519.619644
10000000 1 193925.991654
20000000 1 388870.716095
10000 1 200.030394
100000 1 1991.354860
1000000 1 19621.077925
10000000 1 194096.729159
20000000 1 388226.240873
10000 1 227.232464
100000 1 1950.370148
1000000 1 19706.808031
10000000 1 193616.524339
20000000 1 389464.080334
10000 1 217.269175
100000 1 1945.451833
1000000 1 19389.327615
10000000 1 194440.662861
20000000 1 391389.697790
10000 1 252.124853
100000 1 1926.769502
1000000 1 19780.619070
10000000 1 194720.149040
20000000 1 389358.043671
10000 1 215.704553
100000 1 1935.945824
1000000 1 19831.359386
10000000 1 194968.625903
20000000 1 389318.048954
10000 1 219.470821
100000 1 1951.916143
1000000 1 19358.335063
10000000 1 194600.015879
20000000 1 389614.492655
10000 1 196.927227
100000 1 1981.072128
1000000 1 19843.427464
10000000 1 194383.740425
20000000 1 388766.944408
10000 1 219.181180
100000 1 1967.911609
1000000 1 19747.804850
10000000 1 194248.124957
20000000 1 390633.970499
10000 1 262.621790
100000 1 1907.899044
1000000 1 19647.095352
10000000 1 194610.282779
20000000 1 390856.355429
10000 1 197.337940
100000 1 1888.316125
1000000 1 19676.007330
10000000 1 195040.613413
20000000 1 389355.152845
10000 1 199.621543
100000 1 1938.736066
1000000 1 19630.860537
10000000 1 195461.347699
20000000 1 389334.142208
10000 1 209.582970
100000 1 1912.049949
1000000 1 19590.552896
10000000 1 195400.565863
20000000 1 390633.910894
10000 1 196.535140
100000 1 1951.482147
1000000 1 19540.753216
10000000 1 194764.882326
20000000 1 389607.727528
10000 1 199.310482
100000 1 1903.528348
1000000 1 19788.052887
10000000 1 195225.983858
20000000 1 389017.611742
10000 1 204.203650
100000 1 1912.078820
1000000 1 19554.208964
10000000 1 194436.043501
20000000 1 389488.756657
10000 1 215.631910
100000 1 2078.153193
1000000 1 19996.449351
10000000 1 195597.976446
20000000 1 390185.981989
10000 1 197.694637
100000 1 2174.064517
1000000 1 19599.724561
10000000 1 194829.031825
20000000 1 388593.196869
10000 1 197.147019
100000 1 1961.234026
1000000 1 19281.707704
10000000 1 194920.122623
20000000 1 389329.224825
10000 1 228.547491
100000 1 1915.979199
1000000 1 24464.193732
10000000 1 194285.243750
20000000 1 389859.437943
10000 1 197.137706
100000 1 1952.095889
1000000 1 19268.192351
10000000 1 194687.992334
20000000 1 390355.199575
10000 1 248.922966
100000 1 1938.446425
1000000 1 19346.747547
10000000 1 194737.061858
20000000 1 389195.740223
10000 1 198.002905
100000 1 1971.689053
1000000 1 19318.664446
10000000 1 194742.456079
20000000 1 388786.405325
10000 1 199.192204
100000 1 1905.721612
1000000 1 19418.470562
10000000 1 194510.504603
20000000 1 387609.183788
10000 1 242.544338
100000 1 2026.861534
1000000 1 19567.262381
10000000 1 194442.465901
20000000 1 390637.665987
10000 1 197.222456
100000 1 2062.344924
1000000 1 19245.015457
10000000 1 194389.030337
20000000 1 390343.248844
10000 1 198.775902
100000 1 1944.541000
1000000 1 19602.501765
10000000 1 194831.266999
20000000 1 389275.521040
10000 1 199.953094
100000 1 1939.505339
1000000 1 19513.383508
10000000 1 195070.058107
20000000 1 388400.614262
10000 1 200.424343
100000 1 1989.066601
1000000 1 19188.050181
10000000 1 194401.174784
20000000 1 389791.965485
10000 1 558.397733
100000 1 1961.469650
1000000 1 19441.504031
10000000 1 193727.776408
20000000 1 388385.742903
10000 1 199.696049
100000 1 1971.554011
1000000 1 19696.185365
10000000 1 195312.291384
20000000 1 389664.351940
10000 1 197.120942
100000 1 1900.031231
1000000 1 19568.365067
10000000 1 194919.586182
20000000 1 390289.068222
10000 1 198.990107
100000 1 1903.991215
1000000 1 19660.983235
10000000 1 195044.368505
20000000 1 390394.121408
10000 1 264.030881
100000 1 1904.965378
1000000 1 19535.591826
10000000 1 195290.938020
20000000 1 389044.553041
10000 1 214.722939
100000 1 1907.099038
1000000 1 19678.590819
10000000 1 194530.025125
20000000 1 389269.471169
10000 1 196.662731
100000 1 1956.523396
1000000 1 19815.914333
10000000 1 194838.419557
20000000 1 390437.155962
10000 1 198.669732
100000 1 2009.261400
1000000 1 19493.186846
10000000 1 195171.475410
20000000 1 388729.661703
10000 1 196.515583
100000 1 1934.839413
1000000 1 19200.470299
10000000 1 195054.799318
20000000 1 389832.586050
10000 1 245.814212
100000 1 1939.919777
1000000 1 19571.699202
10000000 1 195003.077388
20000000 1 390050.351620
10000 1 214.744359
100000 1 1901.424490
1000000 1 19546.091557
10000000 1 194514.274597
20000000 1 390110.880136
10000 1 227.655284
100000 1 1937.690191
1000000 1 19855.326042
10000000 1 194385.677576
20000000 1 389557.063580
10000 1 200.793147
100000 1 1914.829016
1000000 1 19814.088941
10000000 1 195020.914078
20000000 1 390597.403049
10000 1 199.500471
100000 1 1939.938404
1000000 1 19691.068679
10000000 1 195003.941655
20000000 1 389659.702778
10000 1 221.982598
100000 1 2168.389037
1000000 1 19632.719457
10000000 1 194567.471743
20000000 1 389952.570200
10000 1 197.310932
100000 1 1952.749677
1000000 1 19780.928269
10000000 1 194496.020675
20000000 1 391117.393970
10000 1 197.395682
100000 1 1935.983077
1000000 1 19636.156037
10000000 1 194728.806615
20000000 1 389435.172081
10000 1 234.132633
100000 1 1915.937290
1000000 1 19656.464458
10000000 1 194796.591997
20000000 1 389351.069927
10000 1 203.434378
100000 1 2073.805779
1000000 1 19724.652171
10000000 1 194843.590260
20000000 1 390445.470810
10000 1 198.543072
100000 1 2145.889215
1000000 1 19456.740469
10000000 1 195252.329111
20000000 1 388982.713223
10000 1 201.083720
100000 1 2083.632164
1000000 1 19688.587636
10000000 1 194820.165634
20000000 1 390597.701073
10000 1 227.130018
100000 1 2119.124867
1000000 1 19616.015255
10000000 1 194135.576487
20000000 1 390314.757824
10000 1 196.183100
100000 1 1946.603879
1000000 1 19680.585712
10000000 1 194592.580199
20000000 1 389578.193426
10000 1 201.310031
100000 1 2160.478383
1000000 1 19438.929856
10000000 1 194906.890392
20000000 1 389454.185963
10000 1 223.090872
100000 1 1976.494677
1000000 1 19721.180201
10000000 1 194304.242730
20000000 1 388753.563166
10000 1 199.346803
100000 1 1932.340674
1000000 1 19643.286243
10000000 1 194621.548057
20000000 1 390402.317047
10000 1 198.647380
100000 1 2098.310739
1000000 1 19554.262981
10000000 1 194493.934512
20000000 1 389448.165894
10000 1 208.856538
100000 1 1933.576539
1000000 1 19711.485133
10000000 1 194447.010756
20000000 1 389896.064997
10000 1 564.958900
100000 1 1987.622119
1000000 1 20339.198411
10000000 1 195173.829794
20000000 1 389908.701181
10000 1 254.129060
100000 1 1935.290173
1000000 1 19311.711192
10000000 1 194947.004318
20000000 1 389713.913202
10000 1 200.361013
100000 1 1939.555630
1000000 1 19663.732499
10000000 1 194811.269641
20000000 1 389173.626900
10000 1 196.463428
100000 1 2156.920731
1000000 1 19612.479955
10000000 1 194267.481565
20000000 1 389975.160360
10000 1 214.098953
100000 1 1979.949884
1000000 1 19384.594634
10000000 1 194627.925754
20000000 1 389604.747295
10000 1 224.609859
100000 1 1934.632659
1000000 1 19118.042663
10000000 1 194637.566805
20000000 1 389843.583107
10000 1 200.961716
100000 1 2158.790827
1000000 1 19251.696765
10000000 1 194835.767150
20000000 1 389311.641455
10000 1 199.944712
100000 1 1943.903975
1000000 1 19395.139068
10000000 1 194422.394037
20000000 1 389996.796846
10000 1 251.160935
100000 1 1925.826073
1000000 1 19726.600498
10000000 1 195493.385196
20000000 1 389647.811651
10000 1 236.678869
100000 1 1932.491548
1000000 1 19694.373012
10000000 1 195686.042309
20000000 1 389358.043671
10000 1 240.849331
100000 1 1938.391477
1000000 1 19421.331584
10000000 1 195055.082440
20000000 1 390812.605619
10000 1 247.214921
100000 1 1927.128062
1000000 1 19364.655018
10000000 1 195079.013705
20000000 1 389985.859394
10000 1 200.915150
100000 1 1993.500628
1000000 1 19733.250141
10000000 1 194791.153073
20000000 1 389765.799046
10000 1 196.189620
100000 1 2186.157741
1000000 1 19404.929131
10000000 1 194604.754448
20000000 1 390214.800835
10000 1 195.991248
100000 1 1956.819557
1000000 1 19354.468212
10000000 1 195047.020912
20000000 1 389232.218266
10000 1 220.792368
100000 1 1940.004528
1000000 1 19524.954259
10000000 1 194510.430098
20000000 1 388973.027468
10000 1 200.157054
100000 1 2100.162208
1000000 1 19654.931501
10000000 1 194601.908326
20000000 1 390529.006720
10000 1 196.442008
100000 1 1931.559294
1000000 1 19651.785493
10000000 1 195681.527257
20000000 1 388879.299164
10000 1 197.343528
100000 1 1935.812645
1000000 1 19741.144031
10000000 1 195276.021957
20000000 1 390569.478273
10000 1 200.483017
100000 1 2035.160549
1000000 1 19637.102261
10000000 1 194671.675563
20000000 1 389710.217714
10000 1 589.474104
100000 1 4611.100070
1000000 1 24504.393339
10000000 1 194522.470236
20000000 1 390630.275011
10000 1 209.956430
100000 1 1970.825717
1000000 1 19301.127642
10000000 1 195012.569427
20000000 1 389549.970627
10000 1 202.082098
100000 1 1965.924166
1000000 1 19441.761076
10000000 1 194783.344865
20000000 1 389758.169651
