10000 1 496.581837 0.500000 2.000000
100000 1 3739.475738 0.500000 2.000000
1000000 1 34779.362381 0.500000 2.000000
10000000 1 352008.640766 0.500000 2.000000
20000000 1 706016.659737 0.500000 2.000000
10000 1 500.354567 0.500000 2.000000
100000 1 3736.094106 0.500000 2.000000
1000000 1 34758.046269 0.500000 2.000000
10000000 1 352688.699961 0.500000 2.000000
20000000 1 706860.005856 0.500000 2.000000
10000 316.485210 0.500000 0.100000
10000 325.257104 0.500000 0.100000
10000 309.962110 0.500000 0.100000
10000 278.695399 0.500000 0.100000
10000 222.390401 0.500000 0.100000
10000 194.857494 0.500000 0.100000
10000 245.939911 0.500000 0.100000
10000 310.373114 0.500000 0.100000
10000 320.851395 0.500000 0.100000
10000 283.708010 0.500000 0.100000
100000 1150.966971 0.500000 0.100000
10000 341.975014 0.500000 0.100000
10000 302.834989 0.500000 0.100000
