10000 1 209.659076
100000 1 882.800785
1000000 1 12563.129887
10000000 1 108362.376690
20000000 1 205083.549023
10000 1 189.980419
100000 1 824.142771
1000000 1 12263.446115
10000000 1 109673.604369
20000000 1 204775.750637
20000000 1 226565.688848
20000000 1 218802.019954
20000000 1 214731.678367
20000000 1 225131.779909
20000000 1 248757.630587
20000000 1 210157.036781
20000000 1 249582.782388
20000000 1 216792.687774
20000000 1 208601.057529
20000000 1 235116.645694
20000000 1 231463.909149
20000000 1 214042.574167
20000000 1 215304.747224
20000000 1 211863.562465
20000000 1 213331.922889
20000000 1 226754.769683
20000000 1 213709.115982
20000000 1 226737.156510
20000000 1 215203.315020
20000000 1 210376.396775
20000000 1 226101.502776
20000000 1 222479.403019
20000000 1 225113.332272
20000000 1 201754.540205
20000000 1 224637.374282
20000000 1 248170.897365
20000000 1 220545.291901
20000000 1 213862.866163
20000000 1 228387.191892
20000000 1 222002.774477
20000000 1 210863.977671
20000000 1 215740.188956
20000000 1 209410.473704
20000000 1 257296.025753
20000000 1 228716.760874
20000000 1 226359.054446
20000000 1 212873.339653
20000000 1 246805.503964
20000000 1 214137.569070
20000000 1 213525.578380
20000000 1 209137.797356
20000000 1 223284.721375
20000000 1 213294.014335
20000000 1 225623.428822
20000000 1 226562.500000
20000000 1 231099.799275
20000000 1 212143.570185
20000000 1 231521.308422
20000000 1 215876.579285
20000000 1 224279.060960
20000000 1 222882.702947
20000000 1 209093.406796
20000000 1 215824.306011
20000000 1 225248.888135
20000000 1 229850.322008
20000000 1 227900.639176
20000000 1 217554.509640
20000000 1 223140.776157
20000000 1 218097.612262
20000000 1 224637.091160
20000000 1 214794.903994
20000000 1 212276.920676
20000000 1 215070.426464
20000000 1 226713.344455
20000000 1 220248.699188
20000000 1 241428.077221
20000000 1 259200.215340
20000000 1 216298.371553
20000000 1 212502.703071
20000000 1 211640.968919
20000000 1 213824.838400
20000000 1 257047.027349
20000000 1 213036.522269
20000000 1 229871.913791
20000000 1 235086.768866
20000000 1 224392.518401
20000000 1 233349.442482
20000000 1 235545.560718
20000000 1 206664.562225
20000000 1 228887.870908
20000000 1 229345.217347
20000000 1 214657.202363
20000000 1 227556.079626
20000000 1 220757.037401
20000000 1 226730.749011
20000000 1 213197.618723
20000000 1 256949.871778
20000000 1 228443.443775
20000000 1 227545.484900
20000000 1 211161.971092
20000000 1 226420.775056
20000000 1 221676.230431
20000000 1 227328.687906
20000000 1 233466.953039
20000000 1 233363.300562
20000000 1 209851.115942
20000000 1 212490.871549
20000000 1 215634.331107
20000000 1 228342.548013
20000000 1 211828.425527
