10000 1 242.948401 0.500000 2.000000
100000 1 2412.392758 0.500000 2.000000
1000000 1 18710.592762 0.500000 2.000000
10000000 1 196888.446808 0.500000 2.000000
20000000 1 347431.987524 0.500000 2.000000
10000 1 237.514585 0.500000 2.000000
100000 1 2375.629963 0.500000 2.000000
1000000 1 18481.237814 0.500000 2.000000
10000000 1 196831.360459 0.500000 2.000000
20000000 1 347974.628210 0.500000 2.000000
10000 174.934903 0.500000 0.100000
10000 105.566003 0.500000 0.100000
1000 58.902700 0.500000 0.100000
10000 158.181501 0.500000 0.100000
100000 642.056228 0.500000 0.100000
10000 203.706193 0.500000 0.100000
10000 216.055501 0.500000 0.100000
10000 321.715692 0.500000 0.100000
