10000 1 195.881628 0.500000 2.000000
100000 1 1126.792748 0.500000 2.000000
1000000 1 14891.523868 0.500000 2.000000
10000000 1 99458.150566 0.500000 2.000000
20000000 1 202452.003956 0.500000 2.000000
10000 1 219.482376 0.500000 2.000000
100000 1 1123.841968 0.500000 2.000000
1000000 1 15089.259483 0.500000 2.000000
10000000 1 99334.783852 0.500000 2.000000
20000000 1 199137.508869 0.500000 2.000000
10000 1 216.544824 0.500000 2.000000
100000 1 1185.098430 0.500000 2.000000
1000000 1 15209.860168 0.500000 2.000000
10000000 1 102797.366679 0.500000 2.000000
10000 1 628.698617 0.500000 2.000000
100000 1 2647.731453 0.500000 2.000000
1000000 1 17682.902515 0.500000 2.000000
10000000 1 102934.725583 0.500000 2.000000
20000000 1 221116.364002 0.500000 2.000000
10000 1 540.899113 0.500000 2.000000
100000 1 2668.214031 0.500000 2.000000
1000000 1 17821.058631 0.500000 2.000000
10000000 1 102144.725621 0.500000 2.000000
20000000 1 221510.231495 0.500000 2.000000
10000 1 626.518391 0.500000 2.000000
100000 1 2660.523169 0.500000 2.000000
1000000 1 17568.010837 0.500000 2.000000
10000000 1 102210.707963 0.500000 2.000000
20000000 1 220981.448889 0.500000 2.000000
10000 1 525.135547 0.500000 2.000000
100000 1 1864.829101 0.500000 2.000000
1000000 1 18762.191758 0.500000 2.000000
10000000 1 99204.480648 0.500000 2.000000
20000000 1 216773.390770 0.500000 2.000000
10000 1 506.821088 0.500000 2.000000
100000 1 2675.449476 0.500000 2.000000
1000000 1 17613.530159 0.500000 2.000000
10000000 1 101429.201663 0.500000 2.000000
20000000 1 221352.830529 0.500000 2.000000
10000 1 576.096587 0.500000 2.000000
100000 1 1959.411427 0.500000 2.000000
1000000 1 19044.790417 0.500000 2.000000
10000000 1 118953.943253 0.500000 2.000000
20000000 1 243299.171329 0.500000 2.000000
10000 1 503.654592 0.500000 2.000000
100000 1 2307.629213 0.500000 2.000000
1000000 1 17552.053556 0.500000 2.000000
10000000 1 103498.801589 0.500000 2.000000
20000000 1 232056.826353 0.500000 2.000000
10000 1 619.797967 0.500000 2.000000
100000 1 2482.268959 0.500000 2.000000
1000000 1 16826.514155 0.500000 2.000000
10000000 1 119574.330747 0.500000 2.000000
20000000 1 227731.987834 0.500000 2.000000
10000 1 510.648824 0.500000 2.000000
100000 1 1995.217055 0.500000 2.000000
1000000 1 18568.467349 0.500000 2.000000
10000000 1 101906.307042 0.500000 2.000000
20000000 1 246418.908238 0.500000 2.000000
10000 1 532.156788 0.500000 2.000000
100000 1 2658.800222 0.500000 2.000000
1000000 1 19044.654444 0.500000 2.000000
10000000 1 121063.165367 0.500000 2.000000
20000000 1 240521.967411 0.500000 2.000000
10000 1 591.371208 0.500000 2.000000
100000 1 2683.484927 0.500000 2.000000
1000000 1 17440.605909 0.500000 2.000000
10000000 1 102574.534714 0.500000 2.000000
20000000 1 226919.367909 0.500000 2.000000
10000 1 563.553534 0.500000 2.000000
100000 1 2664.438449 0.500000 2.000000
1000000 1 17676.614225 0.500000 2.000000
10000000 1 100042.358041 0.500000 2.000000
20000000 1 222371.861339 0.500000 2.000000
10000 1 600.525178 0.500000 2.000000
100000 1 2655.643970 0.500000 2.000000
1000000 1 19577.521831 0.500000 2.000000
10000000 1 103127.002716 0.500000 2.000000
20000000 1 252195.715904 0.500000 2.000000
10000 1 554.947183 0.500000 2.000000
100000 1 2667.238936 0.500000 2.000000
1000000 1 18883.446231 0.500000 2.000000
10000000 1 102449.335158 0.500000 2.000000
20000000 1 251808.255911 0.500000 2.000000
10000 1 492.153689 0.500000 2.000000
100000 1 2525.445074 0.500000 2.000000
1000000 1 18031.202257 0.500000 2.000000
10000000 1 119332.864881 0.500000 2.000000
20000000 1 225576.698780 0.500000 2.000000
10000 1 505.019911 0.500000 2.000000
100000 1 1911.435276 0.500000 2.000000
1000000 1 17803.056166 0.500000 2.000000
10000000 1 118150.666356 0.500000 2.000000
20000000 1 213025.167584 0.500000 2.000000
10000 1 561.512075 0.500000 2.000000
100000 1 2622.949891 0.500000 2.000000
1000000 1 17850.300297 0.500000 2.000000
10000000 1 120183.333755 0.500000 2.000000
20000000 1 224383.577704 0.500000 2.000000
10000 1 504.906289 0.500000 2.000000
100000 1 2700.170502 0.500000 2.000000
1000000 1 17872.700468 0.500000 2.000000
10000000 1 102853.730321 0.500000 2.000000
20000000 1 227413.401008 0.500000 2.000000
10000 1 573.019497 0.500000 2.000000
100000 1 2212.960273 0.500000 2.000000
1000000 1 19857.347012 0.500000 2.000000
10000000 1 102726.384997 0.500000 2.000000
20000000 1 228362.202644 0.500000 2.000000
10000 1 538.552180 0.500000 2.000000
100000 1 2325.737849 0.500000 2.000000
1000000 1 16684.826463 0.500000 2.000000
10000000 1 103771.336377 0.500000 2.000000
20000000 1 240117.460489 0.500000 2.000000
10000 1 594.547018 0.500000 2.000000
100000 1 2074.430697 0.500000 2.000000
1000000 1 19523.903728 0.500000 2.000000
10000000 1 118793.860078 0.500000 2.000000
20000000 1 213217.258453 0.500000 2.000000
10000 1 468.275510 0.500000 2.000000
100000 1 1911.513507 0.500000 2.000000
1000000 1 18533.851951 0.500000 2.000000
10000000 1 102863.274515 0.500000 2.000000
20000000 1 222333.773971 0.500000 2.000000
10000 1 462.301075 0.500000 2.000000
100000 1 2701.872960 0.500000 2.000000
1000000 1 18941.015005 0.500000 2.000000
10000000 1 102071.121335 0.500000 2.000000
20000000 1 205199.629068 0.500000 2.000000
10000 1 556.705520 0.500000 2.000000
100000 1 1792.196184 0.500000 2.000000
1000000 1 19225.552678 0.500000 2.000000
10000000 1 117987.520993 0.500000 2.000000
20000000 1 249978.601933 0.500000 2.000000
10000 1 562.661327 0.500000 2.000000
100000 1 2178.969793 0.500000 2.000000
1000000 1 19241.476431 0.500000 2.000000
10000000 1 99601.432681 0.500000 2.000000
20000000 1 242851.078510 0.500000 2.000000
10000 1 570.787117 0.500000 2.000000
100000 1 2615.969628 0.500000 2.000000
1000000 1 18322.225660 0.500000 2.000000
10000000 1 102648.898959 0.500000 2.000000
20000000 1 237470.194697 0.500000 2.000000
10000 1 590.518117 0.500000 2.000000
100000 1 2677.511424 0.500000 2.000000
1000000 1 17955.228686 0.500000 2.000000
10000000 1 119093.008339 0.500000 2.000000
20000000 1 252948.105335 0.500000 2.000000
10000 1 507.598743 0.500000 2.000000
100000 1 2749.875188 0.500000 2.000000
1000000 1 18674.965948 0.500000 2.000000
10000000 1 120114.870369 0.500000 2.000000
20000000 1 223947.644234 0.500000 2.000000
10000 1 503.865071 0.500000 2.000000
100000 1 1846.720465 0.500000 2.000000
1000000 1 18341.735005 0.500000 2.000000
10000000 1 99775.828421 0.500000 2.000000
20000000 1 217385.709286 0.500000 2.000000
10000 1 646.646135 0.500000 2.000000
100000 1 2685.282379 0.500000 2.000000
1000000 1 18208.060414 0.500000 2.000000
10000000 1 119603.574276 0.500000 2.000000
20000000 1 224467.530847 0.500000 2.000000
10000 1 602.732413 0.500000 2.000000
100000 1 2036.736347 0.500000 2.000000
1000000 1 18543.001264 0.500000 2.000000
10000000 1 102977.737784 0.500000 2.000000
20000000 1 248966.634274 0.500000 2.000000
10000 1 619.795173 0.500000 2.000000
100000 1 2625.401132 0.500000 2.000000
1000000 1 17736.792564 0.500000 2.000000
10000000 1 120454.043150 0.500000 2.000000
20000000 1 244387.716055 0.500000 2.000000
10000 1 505.343080 0.500000 2.000000
100000 1 2542.934380 0.500000 2.000000
1000000 1 17945.099622 0.500000 2.000000
10000000 1 120131.507516 0.500000 2.000000
20000000 1 216045.171022 0.500000 2.000000
10000 1 573.006459 0.500000 2.000000
100000 1 1782.541163 0.500000 2.000000
1000000 1 17902.037129 0.500000 2.000000
10000000 1 116819.389164 0.500000 2.000000
20000000 1 232855.096459 0.500000 2.000000
10000 1 570.919365 0.500000 2.000000
100000 1 2519.137226 0.500000 2.000000
1000000 1 18113.197759 0.500000 2.000000
10000000 1 103136.040270 0.500000 2.000000
20000000 1 215521.231294 0.500000 2.000000
10000 1 553.817488 0.500000 2.000000
100000 1 1637.560315 0.500000 2.000000
1000000 1 17813.244835 0.500000 2.000000
10000000 1 120093.107224 0.500000 2.000000
20000000 1 226317.092776 0.500000 2.000000
10000 1 519.027002 0.500000 2.000000
100000 1 1909.013838 0.500000 2.000000
1000000 1 18775.817007 0.500000 2.000000
10000000 1 101303.063333 0.500000 2.000000
20000000 1 216925.188899 0.500000 2.000000
10000 1 572.928227 0.500000 2.000000
100000 1 1965.004951 0.500000 2.000000
1000000 1 18138.047308 0.500000 2.000000
10000000 1 119562.499225 0.500000 2.000000
20000000 1 226251.870394 0.500000 2.000000
10000 1 540.174544 0.500000 2.000000
100000 1 2703.446895 0.500000 2.000000
1000000 1 18301.239237 0.500000 2.000000
10000000 1 101917.222142 0.500000 2.000000
20000000 1 222191.855311 0.500000 2.000000
10000 1 587.409362 0.500000 2.000000
100000 1 2457.639202 0.500000 2.000000
1000000 1 17916.306853 0.500000 2.000000
10000000 1 117891.192436 0.500000 2.000000
20000000 1 226758.077741 0.500000 2.000000
10000 1 605.923124 0.500000 2.000000
100000 1 2289.139666 0.500000 2.000000
1000000 1 18686.518073 0.500000 2.000000
10000000 1 120389.595628 0.500000 2.000000
20000000 1 225284.814835 0.500000 2.000000
10000 1 612.320378 0.500000 2.000000
100000 1 2727.163956 0.500000 2.000000
1000000 1 18665.138632 0.500000 2.000000
10000000 1 102502.532303 0.500000 2.000000
20000000 1 252829.372883 0.500000 2.000000
10000 1 501.438975 0.500000 2.000000
100000 1 2679.171041 0.500000 2.000000
1000000 1 19288.111478 0.500000 2.000000
10000000 1 119069.345295 0.500000 2.000000
20000000 1 235443.532467 0.500000 2.000000
10000 1 582.019798 0.500000 2.000000
100000 1 2392.777242 0.500000 2.000000
1000000 1 18161.341548 0.500000 2.000000
10000000 1 118708.215654 0.500000 2.000000
20000000 1 215469.211340 0.500000 2.000000
10000 1 523.258001 0.500000 2.000000
100000 1 2281.085588 0.500000 2.000000
1000000 1 19325.686619 0.500000 2.000000
10000000 1 119024.164975 0.500000 2.000000
20000000 1 227287.650108 0.500000 2.000000
10000 1 646.692701 0.500000 2.000000
100000 1 2712.476999 0.500000 2.000000
1000000 1 16730.586067 0.500000 2.000000
10000000 1 119071.371853 0.500000 2.000000
20000000 1 232983.931899 0.500000 2.000000
10000 1 621.577725 0.500000 2.000000
100000 1 1951.374114 0.500000 2.000000
1000000 1 18387.654796 0.500000 2.000000
10000000 1 119081.839919 0.500000 2.000000
20000000 1 215715.616941 0.500000 2.000000
10000 1 489.678234 0.500000 2.000000
100000 1 1866.478473 0.500000 2.000000
1000000 1 18737.075850 0.500000 2.000000
10000000 1 119990.535080 0.500000 2.000000
20000000 1 242909.982800 0.500000 2.000000
10000 1 440.854579 0.500000 2.000000
100000 1 2603.393048 0.500000 2.000000
1000000 1 18046.751618 0.500000 2.000000
10000000 1 101899.504662 0.500000 2.000000
20000000 1 215056.031942 0.500000 2.000000
10000 1 440.580770 0.500000 2.000000
100000 1 2644.455060 0.500000 2.000000
1000000 1 18956.121057 0.500000 2.000000
10000000 1 120281.890035 0.500000 2.000000
20000000 1 219713.956118 0.500000 2.000000
10000 1 669.994392 0.500000 2.000000
100000 1 2723.795362 0.500000 2.000000
1000000 1 18856.253475 0.500000 2.000000
10000000 1 101848.416030 0.500000 2.000000
20000000 1 223140.984774 0.500000 2.000000
10000 1 563.596375 0.500000 2.000000
100000 1 1972.617581 0.500000 2.000000
1000000 1 17978.284508 0.500000 2.000000
10000000 1 101994.223893 0.500000 2.000000
20000000 1 218727.767467 0.500000 2.000000
10000 1 637.760386 0.500000 2.000000
100000 1 2445.061691 0.500000 2.000000
1000000 1 17983.231694 0.500000 2.000000
10000000 1 120085.299015 0.500000 2.000000
20000000 1 250693.738461 0.500000 2.000000
10000 1 529.590063 0.500000 2.000000
100000 1 1878.674142 0.500000 2.000000
1000000 1 18903.529271 0.500000 2.000000
10000000 1 103069.677949 0.500000 2.000000
20000000 1 225617.364049 0.500000 2.000000
10000 1 525.906682 0.500000 2.000000
100000 1 2191.537991 0.500000 2.000000
1000000 1 16691.483557 0.500000 2.000000
10000000 1 119786.947966 0.500000 2.000000
20000000 1 248066.142201 0.500000 2.000000
10000 1 618.866645 0.500000 2.000000
100000 1 2540.171146 0.500000 2.000000
1000000 1 17975.063995 0.500000 2.000000
10000000 1 116236.925125 0.500000 2.000000
20000000 1 243968.352675 0.500000 2.000000
10000 1 576.145947 0.500000 2.000000
100000 1 1893.979497 0.500000 2.000000
1000000 1 17812.646925 0.500000 2.000000
10000000 1 120764.300227 0.500000 2.000000
20000000 1 224787.995219 0.500000 2.000000
10000 1 593.816862 0.500000 2.000000
100000 1 2118.444070 0.500000 2.000000
1000000 1 15484.311618 0.500000 2.000000
10000000 1 119440.205395 0.500000 2.000000
20000000 1 232114.925981 0.500000 2.000000
10000 1 563.986599 0.500000 2.000000
100000 1 1749.631949 0.500000 2.000000
1000000 1 17837.613821 0.500000 2.000000
10000000 1 102026.462555 0.500000 2.000000
20000000 1 240355.506539 0.500000 2.000000
10000 1 506.632961 0.500000 2.000000
100000 1 1728.123054 0.500000 2.000000
1000000 1 16920.644790 0.500000 2.000000
10000000 1 101142.205298 0.500000 2.000000
20000000 1 221247.941256 0.500000 2.000000
10000 1 564.442016 0.500000 2.000000
100000 1 2688.558772 0.500000 2.000000
1000000 1 18716.903403 0.500000 2.000000
10000000 1 119464.382529 0.500000 2.000000
20000000 1 218625.992537 0.500000 2.000000
10000 1 606.247224 0.500000 2.000000
100000 1 2713.924274 0.500000 2.000000
1000000 1 17449.758947 0.500000 2.000000
10000000 1 119185.820222 0.500000 2.000000
20000000 1 222596.704960 0.500000 2.000000
10000 1 506.423414 0.500000 2.000000
100000 1 2723.163925 0.500000 2.000000
1000000 1 18689.002842 0.500000 2.000000
10000000 1 121311.321855 0.500000 2.000000
20000000 1 232253.432274 0.500000 2.000000
10000 1 578.122213 0.500000 2.000000
100000 1 2683.625557 0.500000 2.000000
1000000 1 19516.501576 0.500000 2.000000
10000000 1 119727.231562 0.500000 2.000000
20000000 1 254219.681025 0.500000 2.000000
10000 1 661.740080 0.500000 2.000000
100000 1 1880.853437 0.500000 2.000000
1000000 1 19075.669348 0.500000 2.000000
10000000 1 99679.529667 0.500000 2.000000
20000000 1 240592.911839 0.500000 2.000000
10000 1 528.031960 0.500000 2.000000
100000 1 2520.203590 0.500000 2.000000
1000000 1 17763.491720 0.500000 2.000000
10000000 1 103176.325560 0.500000 2.000000
20000000 1 222431.734204 0.500000 2.000000
10000 1 499.066897 0.500000 2.000000
100000 1 1910.831779 0.500000 2.000000
1000000 1 17881.253734 0.500000 2.000000
10000000 1 119453.489780 0.500000 2.000000
20000000 1 216786.056757 0.500000 2.000000
10000 1 503.204763 0.500000 2.000000
100000 1 2443.372272 0.500000 2.000000
1000000 1 19092.023373 0.500000 2.000000
10000000 1 112088.583410 0.500000 2.000000
20000000 1 224871.680140 0.500000 2.000000
10000 1 522.066839 0.500000 2.000000
100000 1 2396.393567 0.500000 2.000000
1000000 1 17191.331834 0.500000 2.000000
10000000 1 118918.165565 0.500000 2.000000
20000000 1 232913.285494 0.500000 2.000000
10000 1 450.378284 0.500000 2.000000
100000 1 2730.855718 0.500000 2.000000
1000000 1 18967.311829 0.500000 2.000000
10000000 1 101931.370795 0.500000 2.000000
20000000 1 233173.474669 0.500000 2.000000
10000 1 547.148287 0.500000 2.000000
100000 1 2691.395581 0.500000 2.000000
1000000 1 16957.033426 0.500000 2.000000
10000000 1 100964.263082 0.500000 2.000000
20000000 1 213582.456112 0.500000 2.000000
10000 1 489.819795 0.500000 2.000000
100000 1 2729.618922 0.500000 2.000000
1000000 1 17834.952101 0.500000 2.000000
10000000 1 118710.860610 0.500000 2.000000
20000000 1 220382.213593 0.500000 2.000000
10000 1 597.358681 0.500000 2.000000
100000 1 2684.262581 0.500000 2.000000
1000000 1 17195.243388 0.500000 2.000000
10000000 1 101355.247200 0.500000 2.000000
20000000 1 234941.124916 0.500000 2.000000
10000 1 471.034087 0.500000 2.000000
100000 1 2610.489726 0.500000 2.000000
1000000 1 16491.435468 0.500000 2.000000
10000000 1 98089.270294 0.500000 2.000000
20000000 1 206732.451916 0.500000 2.000000
10000 1 522.512011 0.500000 2.000000
100000 1 2698.956057 0.500000 2.000000
1000000 1 17234.271392 0.500000 2.000000
10000000 1 119800.530374 0.500000 2.000000
20000000 1 215725.615621 0.500000 2.000000
10000 1 519.229099 0.500000 2.000000
100000 1 2644.447610 0.500000 2.000000
1000000 1 17703.123391 0.500000 2.000000
10000000 1 101901.397109 0.500000 2.000000
20000000 1 221632.584929 0.500000 2.000000
10000 1 535.813160 0.500000 2.000000
100000 1 2275.519073 0.500000 2.000000
1000000 1 17811.035737 0.500000 2.000000
10000000 1 117986.463010 0.500000 2.000000
20000000 1 232486.501336 0.500000 2.000000
10000 1 645.735301 0.500000 2.000000
100000 1 2272.609621 0.500000 2.000000
1000000 1 19076.950848 0.500000 2.000000
10000000 1 119694.441557 0.500000 2.000000
20000000 1 221084.937453 0.500000 2.000000
10000 1 682.410784 0.500000 2.000000
100000 1 2799.551003 0.500000 2.000000
1000000 1 18366.290256 0.500000 2.000000
10000000 1 119330.234826 0.500000 2.000000
20000000 1 253462.791443 0.500000 2.000000
10000 1 536.577776 0.500000 2.000000
100000 1 2481.253818 0.500000 2.000000
1000000 1 16991.831362 0.500000 2.000000
10000000 1 120750.859380 0.500000 2.000000
20000000 1 221270.352602 0.500000 2.000000
10000 1 519.110821 0.500000 2.000000
100000 1 2601.556480 0.500000 2.000000
1000000 1 17773.024738 0.500000 2.000000
10000000 1 103608.489037 0.500000 2.000000
20000000 1 225457.578897 0.500000 2.000000
10000 1 535.260886 0.500000 2.000000
100000 1 2412.552014 0.500000 2.000000
1000000 1 19136.819988 0.500000 2.000000
10000000 1 118963.502347 0.500000 2.000000
20000000 1 225793.376565 0.500000 2.000000
10000 1 465.006568 0.500000 2.000000
100000 1 1910.331659 0.500000 2.000000
1000000 1 17640.525475 0.500000 2.000000
10000000 1 101611.196995 0.500000 2.000000
20000000 1 223628.580570 0.500000 2.000000
10000 1 459.272414 0.500000 2.000000
100000 1 2147.118561 0.500000 2.000000
1000000 1 17810.752615 0.500000 2.000000
10000000 1 99650.859833 0.500000 2.000000
20000000 1 232014.715672 0.500000 2.000000
10000 1 547.667965 0.500000 2.000000
100000 1 2334.761433 0.500000 2.000000
1000000 1 17816.707492 0.500000 2.000000
10000000 1 118714.600801 0.500000 2.000000
20000000 1 226662.278175 0.500000 2.000000
10000 1 475.984998 0.500000 2.000000
100000 1 1639.567316 0.500000 2.000000
1000000 1 17373.511568 0.500000 2.000000
10000000 1 104484.684765 0.500000 2.000000
20000000 1 206788.361073 0.500000 2.000000
10000 1 576.794147 0.500000 2.000000
100000 1 2669.990063 0.500000 2.000000
1000000 1 17796.177417 0.500000 2.000000
10000000 1 96133.142710 0.500000 2.000000
20000000 1 255835.145712 0.500000 2.000000
10000 1 582.136214 0.500000 2.000000
100000 1 2323.252149 0.500000 2.000000
1000000 1 18691.712990 0.500000 2.000000
10000000 1 119829.587638 0.500000 2.000000
20000000 1 240094.989538 0.500000 2.000000
10000 1 628.206879 0.500000 2.000000
100000 1 2382.219769 0.500000 2.000000
1000000 1 18558.766693 0.500000 2.000000
10000000 1 121038.116515 0.500000 2.000000
20000000 1 225008.234382 0.500000 2.000000
10000 1 581.949018 0.500000 2.000000
100000 1 2408.097498 0.500000 2.000000
1000000 1 17309.319228 0.500000 2.000000
10000000 1 117522.902787 0.500000 2.000000
20000000 1 230578.884482 0.500000 2.000000
10000 1 565.506518 0.500000 2.000000
100000 1 2416.211180 0.500000 2.000000
1000000 1 18697.572872 0.500000 2.000000
10000000 1 102751.076221 0.500000 2.000000
20000000 1 226849.496365 0.500000 2.000000
10000 1 572.086312 0.500000 2.000000
100000 1 2812.433057 0.500000 2.000000
1000000 1 18389.437348 0.500000 2.000000
10000000 1 101904.749870 0.500000 2.000000
20000000 1 223229.497671 0.500000 2.000000
10000 1 510.752201 0.500000 2.000000
100000 1 2487.934195 0.500000 2.000000
1000000 1 17411.705106 0.500000 2.000000
10000000 1 102545.097470 0.500000 2.000000
20000000 1 226284.295321 0.500000 2.000000
10000 1 505.187549 0.500000 2.000000
100000 1 2646.686509 0.500000 2.000000
1000000 1 19488.949329 0.500000 2.000000
10000000 1 118493.355811 0.500000 2.000000
20000000 1 254033.178091 0.500000 2.000000
10000 1 577.596016 0.500000 2.000000
100000 1 2175.942995 0.500000 2.000000
1000000 1 17670.264468 0.500000 2.000000
10000000 1 119280.263782 0.500000 2.000000
20000000 1 238216.102123 0.500000 2.000000
10000 1 629.968010 0.500000 2.000000
100000 1 2629.105002 0.500000 2.000000
1000000 1 19002.782181 0.500000 2.000000
10000000 1 100087.083876 0.500000 2.000000
20000000 1 243943.542242 0.500000 2.000000
10000 1 626.087189 0.500000 2.000000
100000 1 2673.837356 0.500000 2.000000
1000000 1 17647.948116 0.500000 2.000000
10000000 1 121718.876064 0.500000 2.000000
20000000 1 238648.951054 0.500000 2.000000
10000 1 507.070683 0.500000 2.000000
100000 1 1780.899242 0.500000 2.000000
1000000 1 16854.383051 0.500000 2.000000
10000000 1 120605.289936 0.500000 2.000000
20000000 1 224671.393633 0.500000 2.000000
10000 1 550.406054 0.500000 2.000000
100000 1 2707.367763 0.500000 2.000000
1000000 1 17029.929906 0.500000 2.000000
10000000 1 119385.831058 0.500000 2.000000
20000000 1 222073.942423 0.500000 2.000000
10000 1 604.136847 0.500000 2.000000
100000 1 2783.010714 0.500000 2.000000
1000000 1 19027.862698 0.500000 2.000000
10000000 1 100456.878543 0.500000 2.000000
20000000 1 227689.668536 0.500000 2.000000
20000000 1 241585.358977 0.500000 2.000000
20000000 1 242084.518075 0.500000 2.000000
20000000 1 251028.597355 0.500000 2.000000
20000000 1 231974.303722 0.500000 2.000000
20000000 1 240792.170167 0.500000 2.000000
20000000 1 244631.662965 0.500000 2.000000
20000000 1 240851.297975 0.500000 2.000000
20000000 1 226936.206222 0.500000 2.000000
20000000 1 247201.442719 0.500000 2.000000
20000000 1 241976.439953 0.500000 2.000000
20000000 1 231202.423573 0.500000 2.000000
20000000 1 222921.445966 0.500000 2.000000
20000000 1 223214.507103 0.500000 2.000000
20000000 1 234037.891030 0.500000 2.000000
20000000 1 221312.344074 0.500000 2.000000
20000000 1 204672.977328 0.500000 2.000000
20000000 1 206745.103002 0.500000 2.000000
20000000 1 208212.643862 0.500000 2.000000
20000000 1 219968.795776 0.500000 2.000000
20000000 1 221502.512693 0.500000 2.000000
20000000 1 234044.015408 0.500000 2.000000
20000000 1 234882.146120 0.500000 2.000000
20000000 1 220444.947481 0.500000 2.000000
20000000 1 228560.268879 0.500000 2.000000
20000000 1 208339.631557 0.500000 2.000000
20000000 1 218413.263559 0.500000 2.000000
20000000 1 217615.634203 0.500000 2.000000
20000000 1 226120.367646 0.500000 2.000000
20000000 1 215926.647186 0.500000 2.000000
20000000 1 220825.538039 0.500000 2.000000
20000000 1 248286.768794 0.500000 2.000000
20000000 1 219378.367066 0.500000 2.000000
20000000 1 231832.697988 0.500000 2.000000
20000000 1 214265.674353 0.500000 2.000000
20000000 1 208700.880408 0.500000 2.000000
20000000 1 219966.754317 0.500000 2.000000
20000000 1 210994.258523 0.500000 2.000000
20000000 1 229619.920254 0.500000 2.000000
20000000 1 216002.747416 0.500000 2.000000
20000000 1 233739.703894 0.500000 2.000000
20000000 1 224471.285939 0.500000 2.000000
20000000 1 248153.984547 0.500000 2.000000
20000000 1 227696.552873 0.500000 2.000000
20000000 1 214182.779193 0.500000 2.000000
20000000 1 207677.349448 0.500000 2.000000
20000000 1 228565.201163 0.500000 2.000000
20000000 1 217960.163951 0.500000 2.000000
20000000 1 234504.058957 0.500000 2.000000
20000000 1 238201.364875 0.500000 2.000000
20000000 1 207435.190678 0.500000 2.000000
20000000 1 225917.503238 0.500000 2.000000
20000000 1 227987.319231 0.500000 2.000000
20000000 1 224370.196462 0.500000 2.000000
20000000 1 226644.024253 0.500000 2.000000
20000000 1 206810.683012 0.500000 2.000000
20000000 1 212332.770228 0.500000 2.000000
20000000 1 238701.000810 0.500000 2.000000
20000000 1 205958.798528 0.500000 2.000000
20000000 1 220402.330160 0.500000 2.000000
20000000 1 241902.545094 0.500000 2.000000
20000000 1 221930.935979 0.500000 2.000000
20000000 1 216444.984078 0.500000 2.000000
20000000 1 210292.905569 0.500000 2.000000
20000000 1 217034.265399 0.500000 2.000000
20000000 1 223066.061735 0.500000 2.000000
20000000 1 228336.229920 0.500000 2.000000
20000000 1 220230.296254 0.500000 2.000000
20000000 1 223330.229521 0.500000 2.000000
20000000 1 208460.927010 0.500000 2.000000
20000000 1 220325.559378 0.500000 2.000000
20000000 1 215789.034963 0.500000 2.000000
20000000 1 214679.911733 0.500000 2.000000
20000000 1 218705.162406 0.500000 2.000000
20000000 1 206346.690655 0.500000 2.000000
20000000 1 225792.527199 0.500000 2.000000
20000000 1 222048.863769 0.500000 2.000000
20000000 1 225101.724267 0.500000 2.000000
20000000 1 226561.963558 0.500000 2.000000
20000000 1 218501.165509 0.500000 2.000000
20000000 1 222135.379910 0.500000 2.000000
20000000 1 228179.708123 0.500000 2.000000
20000000 1 217446.163297 0.500000 2.000000
20000000 1 242384.910583 0.500000 2.000000
20000000 1 224452.674389 0.500000 2.000000
20000000 1 228139.966726 0.500000 2.000000
20000000 1 213014.006615 0.500000 2.000000
20000000 1 215723.395348 0.500000 2.000000
20000000 1 206093.907356 0.500000 2.000000
20000000 1 217102.333903 0.500000 2.000000
20000000 1 221320.211887 0.500000 2.000000
20000000 1 222440.183163 0.500000 2.000000
20000000 1 223865.166306 0.500000 2.000000
20000000 1 237729.430199 0.500000 2.000000
20000000 1 221860.930324 0.500000 2.000000
20000000 1 220117.449760 0.500000 2.000000
20000000 1 243521.109223 0.500000 2.000000
20000000 1 220401.674509 0.500000 2.000000
20000000 1 248388.618231 0.500000 2.000000
20000000 1 229717.537761 0.500000 2.000000
20000000 1 224575.653672 0.500000 2.000000
100000 1186.769572 0.500000 0.100000
100000 1301.730284 0.500000 0.100000
