10000 1 252.741505
100000 1 2330.844058
1000000 1 28573.362157
10000000 1 285462.021828
20000000 1 533363.580704
10000 1 249.674573
100000 1 2330.430085
1000000 1 28544.344008
10000000 1 286509.990692
20000000 1 535017.728806
20000000 1 601365.268230
20000000 1 547408.342361
20000000 1 545818.865299
20000000 1 549691.021442
20000000 1 546053.469181
20000000 1 545093.715191
20000000 1 545266.330242
20000000 1 547256.648540
20000000 1 545243.918896
20000000 1 546516.537666
20000000 1 547061.204910
20000000 1 547245.025635
20000000 1 545499.026775
20000000 1 548301.398754
20000000 1 546427.071095
20000000 1 545631.110668
20000000 1 545738.339424
20000000 1 544998.347759
20000000 1 547505.676746
20000000 1 546482.622623
20000000 1 546389.698982
20000000 1 546642.839909
20000000 1 551059.305668
20000000 1 548547.208309
20000000 1 547276.258469
20000000 1 548207.044601
20000000 1 545864.284039
20000000 1 548372.566700
20000000 1 549253.225327
20000000 1 547209.382057
20000000 1 546532.869339
20000000 1 546266.376972
20000000 1 546539.247036
20000000 1 547088.682652
20000000 1 547363.877296
20000000 1 544951.200485
20000000 1 547964.751720
20000000 1 547164.320946
20000000 1 546813.607216
20000000 1 547341.108322
20000000 1 546995.043755
20000000 1 548560.500145
20000000 1 546481.251717
20000000 1 546787.619591
20000000 1 546141.505241
20000000 1 546228.826046
20000000 1 548100.233078
20000000 1 546162.903309
20000000 1 545362.770557
20000000 1 544303.834438
20000000 1 548177.123070
20000000 1 547298.133373
20000000 1 545451.998711
20000000 1 545661.270618
20000000 1 544404.268265
20000000 1 546563.863754
20000000 1 548658.251762
20000000 1 547277.390957
20000000 1 547709.643841
20000000 1 548637.449741
20000000 1 545093.655586
20000000 1 546348.929405
20000000 1 546630.024910
20000000 1 548602.461815
20000000 1 547042.787075
20000000 1 546069.622040
20000000 1 546798.825264
20000000 1 546082.675457
20000000 1 545892.894268
20000000 1 545556.008816
20000000 1 544067.382812
20000000 1 545314.550400
20000000 1 545502.245426
20000000 1 544932.007790
20000000 1 546823.859215
20000000 1 544959.008694
20000000 1 544920.086861
20000000 1 544785.380363
20000000 1 545005.202293
20000000 1 544612.288475
20000000 1 547469.794750
20000000 1 546815.335751
20000000 1 547496.616840
20000000 1 548182.666302
20000000 1 549511.551857
20000000 1 551750.957966
20000000 1 548530.638218
20000000 1 548177.301884
20000000 1 549907.147884
20000000 1 549214.839935
20000000 1 547911.643982
20000000 1 549128.115177
20000000 1 548147.380352
20000000 1 549422.383308
20000000 1 548784.136772
20000000 1 548410.236835
20000000 1 547397.315502
20000000 1 548553.228378
20000000 1 545744.717121
20000000 1 547801.256180
