10000 1 366.199121 0.500000 1.000000
100000 1 2683.933824 0.500000 1.000000
1000000 1 25004.582480 0.500000 1.000000
10000000 1 265126.407146 0.500000 1.000000
20000000 1 619795.084000 0.500000 1.000000
10000 1 365.681801 0.500000 1.000000
100000 1 2685.031621 0.500000 1.000000
1000000 1 25038.730353 0.500000 1.000000
10000000 1 265645.742416 0.500000 1.000000
20000000 1 621541.500092 0.500000 1.000000
20000000 1 664406.836033 0.500000 2.000000
20000000 1 664302.706718 0.500000 2.000000
20000000 1 665230.512619 0.500000 2.000000
20000000 1 664240.717888 0.500000 2.000000
20000000 1 663828.730583 0.500000 2.000000
20000000 1 663242.816925 0.500000 2.000000
20000000 1 665652.811527 0.500000 2.000000
20000000 1 664173.960686 0.500000 2.000000
20000000 1 665027.499199 0.500000 2.000000
20000000 1 663748.204708 0.500000 2.000000
20000000 1 663731.932640 0.500000 2.000000
20000000 1 665139.436722 0.500000 2.000000
20000000 1 664712.727070 0.500000 2.000000
20000000 1 661660.373211 0.500000 2.000000
20000000 1 663908.243179 0.500000 2.000000
20000000 1 661606.431007 0.500000 2.000000
20000000 1 663848.161697 0.500000 2.000000
20000000 1 664899.051189 0.500000 2.000000
20000000 1 661890.923977 0.500000 2.000000
20000000 1 663503.706455 0.500000 2.000000
20000000 1 667578.637600 0.500000 2.000000
20000000 1 664672.374725 0.500000 2.000000
20000000 1 663305.759430 0.500000 2.000000
20000000 1 662584.483624 0.500000 2.000000
20000000 1 667068.839073 0.500000 2.000000
20000000 1 662154.436111 0.500000 2.000000
20000000 1 663472.890854 0.500000 2.000000
20000000 1 662118.852139 0.500000 2.000000
20000000 1 667858.839035 0.500000 2.000000
20000000 1 661328.077316 0.500000 2.000000
20000000 1 660896.658897 0.500000 2.000000
20000000 1 663017.570972 0.500000 2.000000
20000000 1 663740.575314 0.500000 2.000000
20000000 1 664393.007755 0.500000 2.000000
20000000 1 663824.260235 0.500000 2.000000
20000000 1 661348.462105 0.500000 2.000000
20000000 1 662264.823914 0.500000 2.000000
20000000 1 666183.590889 0.500000 2.000000
20000000 1 666029.751301 0.500000 2.000000
20000000 1 666426.122189 0.500000 2.000000
20000000 1 665596.663952 0.500000 2.000000
20000000 1 667216.658592 0.500000 2.000000
20000000 1 661111.652851 0.500000 2.000000
20000000 1 666397.511959 0.500000 2.000000
20000000 1 661778.926849 0.500000 2.000000
20000000 1 662422.895432 0.500000 2.000000
20000000 1 665158.689022 0.500000 2.000000
20000000 1 664410.412312 0.500000 2.000000
20000000 1 663273.096085 0.500000 2.000000
20000000 1 664716.482162 0.500000 2.000000
20000000 1 663445.413113 0.500000 2.000000
20000000 1 663462.460041 0.500000 2.000000
20000000 1 662416.577339 0.500000 2.000000
20000000 1 664174.854755 0.500000 2.000000
20000000 1 667029.619217 0.500000 2.000000
20000000 1 661447.167397 0.500000 2.000000
20000000 1 669978.320599 0.500000 2.000000
20000000 1 666961.252689 0.500000 2.000000
20000000 1 663678.109646 0.500000 2.000000
20000000 1 663206.517696 0.500000 2.000000
20000000 1 663249.075413 0.500000 2.000000
20000000 1 663512.349129 0.500000 2.000000
20000000 1 662787.854671 0.500000 2.000000
20000000 1 664389.789104 0.500000 2.000000
20000000 1 661999.166012 0.500000 2.000000
20000000 1 664490.103722 0.500000 2.000000
20000000 1 664190.828800 0.500000 2.000000
20000000 1 665004.551411 0.500000 2.000000
20000000 1 662170.112133 0.500000 2.000000
20000000 1 664343.595505 0.500000 2.000000
20000000 1 665898.323059 0.500000 2.000000
20000000 1 660456.478596 0.500000 2.000000
20000000 1 663879.036903 0.500000 2.000000
20000000 1 660939.097404 0.500000 2.000000
20000000 1 662659.168243 0.500000 2.000000
20000000 1 665424.585342 0.500000 2.000000
20000000 1 666633.367538 0.500000 2.000000
20000000 1 662746.489048 0.500000 2.000000
20000000 1 667766.630650 0.500000 2.000000
20000000 1 666499.435902 0.500000 2.000000
20000000 1 664963.245392 0.500000 2.000000
20000000 1 663813.650608 0.500000 2.000000
20000000 1 663132.429123 0.500000 2.000000
20000000 1 661922.276020 0.500000 2.000000
20000000 1 664749.443531 0.500000 2.000000
20000000 1 665512.084961 0.500000 2.000000
20000000 1 663987.338543 0.500000 2.000000
20000000 1 663281.857967 0.500000 2.000000
20000000 1 663390.159607 0.500000 2.000000
20000000 1 663340.687752 0.500000 2.000000
20000000 1 662082.672119 0.500000 2.000000
20000000 1 663955.569267 0.500000 2.000000
20000000 1 661230.862141 0.500000 2.000000
20000000 1 665078.878403 0.500000 2.000000
20000000 1 663223.564625 0.500000 2.000000
20000000 1 662805.557251 0.500000 2.000000
20000000 1 661275.446415 0.500000 2.000000
20000000 1 664605.319500 0.500000 2.000000
20000000 1 663555.026054 0.500000 2.000000
20000000 1 662010.729313 0.500000 2.000000
