10000 0.301200 1 0
100000 0.572100 1 0
1000000 0.294293 1 0
10000000 0.801930 1 0
20000000 0.662466 1 0
10000 0.004800 0 0
100000 0.001120 0 0
1000000 0.000018 0 0
10000000 0.000311 0 0
20000000 0.000060 0 0
10000 0.533900 1 1
100000 0.641600 1 1
1000000 0.387220 1 1
10000000 0.849327 1 1
20000000 0.778922 1 1
10000 0.521200 1 2
100000 0.641600 1 2
1000000 0.391232 1 2
10000000 0.849327 1 2
20000000 0.728560 1 2
10000 0.320100 1 4
100000 0.605670 1 4
1000000 0.391192 1 4
10000000 0.852329 1 4
20000000 0.728560 1 4
10000 0.320100 1 8
100000 0.605670 1 8
1000000 0.391192 1 8
10000000 0.812559 1 8
20000000 0.728560 1 8
10000 0.250900 0 1
100000 0.248550 0 1
1000000 0.249100 0 1
10000000 0.249538 0 1
20000000 0.249761 0 1
10000 0.051000 0 2
100000 0.000260 0 2
1000000 0.000003 0 2
10000000 0.000245 0 2
20000000 0.000084 0 2
10000 0.000600 0 4
100000 0.000690 0 4
1000000 0.000015 0 4
10000000 0.000245 0 4
20000000 0.000095 0 4
10000 0.000600 0 8
100000 0.000500 0 8
1000000 0.000015 0 8
10000000 0.000311 0 8
20000000 0.000095 0 8
10000 0.301200 1 0
100000 0.572100 1 0
1000000 0.294293 1 0
10000000 0.801930 1 0
20000000 0.662466 1 0
10000 0.004800 0 0
100000 0.001120 0 0
1000000 0.000018 0 0
10000000 0.000311 0 0
20000000 0.000060 0 0
10000 0.533900 1 1
100000 0.641600 1 1
1000000 0.387220 1 1
10000000 0.849327 1 1
20000000 0.778922 1 1
10000 0.521200 1 2
100000 0.641600 1 2
1000000 0.391232 1 2
10000000 0.849327 1 2
20000000 0.728560 1 2
10000 0.320100 1 4
100000 0.605670 1 4
1000000 0.391192 1 4
10000000 0.852329 1 4
20000000 0.728560 1 4
10000 0.320100 1 8
100000 0.605670 1 8
1000000 0.391192 1 8
10000000 0.812559 1 8
20000000 0.728560 1 8
10000 0.250900 0 1
100000 0.248550 0 1
1000000 0.249100 0 1
10000000 0.249538 0 1
20000000 0.249761 0 1
10000 0.051000 0 2
100000 0.000260 0 2
1000000 0.000003 0 2
10000000 0.000245 0 2
20000000 0.000084 0 2
10000 0.000600 0 4
100000 0.000690 0 4
1000000 0.000015 0 4
10000000 0.000245 0 4
20000000 0.000095 0 4
10000 0.000600 0 8
100000 0.000500 0 8
1000000 0.000015 0 8
10000000 0.000311 0 8
20000000 0.000095 0 8
10000 0.320100 1 8
100000 0.605670 1 8
1000000 0.391192 1 8
10000000 0.812559 1 8
10000 0.320100 1 8
100000 0.605670 1 8
1000000 0.391192 1 8
10000000 0.812559 1 8
20000000 0.728560 1 8
10000 0.320100 1 8
100000 0.605670 1 8
1000000 0.391192 1 8
10000000 0.812559 1 8
20000000 0.728560 1 8
10000 0.320100 1 8
100000 0.605670 1 8
1000000 0.391192 1 8
10000000 0.812559 1 8
20000000 0.728560 1 8
10000 0.320100 1 8
100000 0.605670 1 8
1000000 0.391192 1 8
10000000 0.812559 1 8
20000000 0.728560 1 8
10000 0.320100 1 8
100000 0.605670 1 8
1000000 0.391192 1 8
10000000 0.812559 1 8
20000000 0.728560 1 8
10000 0.320100 1 8
100000 0.605670 1 8
1000000 0.391192 1 8
10000000 0.812559 1 8
20000000 0.728560 1 8
10000 0.320100 1 8
100000 0.605670 1 8
1000000 0.391192 1 8
10000000 0.812559 1 8
20000000 0.728560 1 8
10000 0.320100 1 8
100000 0.605670 1 8
1000000 0.391192 1 8
10000000 0.812559 1 8
20000000 0.728560 1 8
10000 0.320100 1 8
100000 0.605670 1 8
1000000 0.391192 1 8
10000000 0.812559 1 8
20000000 0.728560 1 8
10000 0.320100 1 8
100000 0.605670 1 8
1000000 0.391192 1 8
10000000 0.812559 1 8
20000000 0.728560 1 8
10000 0.320100 1 8
100000 0.605670 1 8
1000000 0.391192 1 8
10000000 0.812559 1 8
20000000 0.728560 1 8
10000 0.320100 1 8
100000 0.605670 1 8
1000000 0.391192 1 8
10000000 0.812559 1 8
20000000 0.728560 1 8
10000 0.320100 1 8
100000 0.605670 1 8
1000000 0.391192 1 8
10000000 0.812559 1 8
20000000 0.728560 1 8
10000 0.320100 1 8
100000 0.605670 1 8
1000000 0.391192 1 8
10000000 0.812559 1 8
20000000 0.728560 1 8
10000 0.320100 1 8
100000 0.605670 1 8
1000000 0.391192 1 8
10000000 0.812559 1 8
20000000 0.728560 1 8
10000 0.320100 1 8
100000 0.605670 1 8
1000000 0.391192 1 8
10000000 0.812559 1 8
20000000 0.728560 1 8
10000 0.320100 1 8
100000 0.605670 1 8
1000000 0.391192 1 8
10000000 0.812559 1 8
20000000 0.728560 1 8
10000 0.320100 1 8
100000 0.605670 1 8
1000000 0.391192 1 8
10000000 0.812559 1 8
20000000 0.728560 1 8
10000 0.320100 1 8
100000 0.605670 1 8
1000000 0.391192 1 8
10000000 0.812559 1 8
20000000 0.728560 1 8
10000 0.320100 1 8
100000 0.605670 1 8
1000000 0.391192 1 8
10000000 0.812559 1 8
20000000 0.728560 1 8
10000 0.320100 1 8
100000 0.605670 1 8
1000000 0.391192 1 8
10000000 0.812559 1 8
20000000 0.728560 1 8
10000 0.320100 1 8
100000 0.605670 1 8
1000000 0.391192 1 8
10000000 0.812559 1 8
20000000 0.728560 1 8
10000 0.320100 1 8
100000 0.605670 1 8
1000000 0.391192 1 8
10000000 0.812559 1 8
20000000 0.728560 1 8
10000 0.320100 1 8
100000 0.605670 1 8
1000000 0.391192 1 8
10000000 0.812559 1 8
20000000 0.728560 1 8
10000 0.320100 1 8
100000 0.605670 1 8
1000000 0.391192 1 8
10000000 0.812559 1 8
20000000 0.728560 1 8
10000 0.320100 1 8
100000 0.605670 1 8
1000000 0.391192 1 8
10000000 0.812559 1 8
20000000 0.728560 1 8
10000 0.320100 1 8
100000 0.605670 1 8
1000000 0.391192 1 8
10000000 0.812559 1 8
20000000 0.728560 1 8
10000 0.320100 1 8
100000 0.605670 1 8
1000000 0.391192 1 8
10000000 0.812559 1 8
20000000 0.728560 1 8
10000 0.320100 1 8
100000 0.605670 1 8
1000000 0.391192 1 8
10000000 0.812559 1 8
20000000 0.728560 1 8
10000 0.320100 1 8
100000 0.605670 1 8
1000000 0.391192 1 8
10000000 0.812559 1 8
20000000 0.728560 1 8
10000 0.320100 1 8
100000 0.605670 1 8
1000000 0.391192 1 8
10000000 0.812559 1 8
20000000 0.728560 1 8
10000 0.320100 1 8
100000 0.605670 1 8
1000000 0.391192 1 8
10000000 0.812559 1 8
20000000 0.728560 1 8
10000 0.320100 1 8
100000 0.605670 1 8
1000000 0.391192 1 8
10000000 0.812559 1 8
20000000 0.728560 1 8
10000 0.320100 1 8
100000 0.605670 1 8
1000000 0.391192 1 8
10000000 0.812559 1 8
20000000 0.728560 1 8
10000 0.320100 1 8
100000 0.605670 1 8
1000000 0.391192 1 8
10000000 0.812559 1 8
20000000 0.728560 1 8
10000 0.320100 1 8
100000 0.605670 1 8
1000000 0.391192 1 8
10000000 0.812559 1 8
20000000 0.728560 1 8
10000 0.320100 1 8
100000 0.605670 1 8
1000000 0.391192 1 8
10000000 0.812559 1 8
20000000 0.728560 1 8
10000 0.320100 1 8
100000 0.605670 1 8
1000000 0.391192 1 8
10000000 0.812559 1 8
20000000 0.728560 1 8
10000 0.320100 1 8
100000 0.605670 1 8
1000000 0.391192 1 8
10000000 0.812559 1 8
20000000 0.728560 1 8
10000 0.320100 1 8
100000 0.605670 1 8
1000000 0.391192 1 8
10000000 0.812559 1 8
20000000 0.728560 1 8
10000 0.320100 1 8
100000 0.605670 1 8
1000000 0.391192 1 8
10000000 0.812559 1 8
20000000 0.728560 1 8
10000 0.320100 1 8
100000 0.605670 1 8
1000000 0.391192 1 8
10000000 0.812559 1 8
20000000 0.728560 1 8
10000 0.320100 1 8
100000 0.605670 1 8
1000000 0.391192 1 8
10000000 0.812559 1 8
20000000 0.728560 1 8
10000 0.320100 1 8
100000 0.605670 1 8
1000000 0.391192 1 8
10000000 0.812559 1 8
20000000 0.728560 1 8
10000 0.320100 1 8
100000 0.605670 1 8
1000000 0.391192 1 8
10000000 0.812559 1 8
20000000 0.728560 1 8
10000 0.320100 1 8
100000 0.605670 1 8
1000000 0.391192 1 8
10000000 0.812559 1 8
20000000 0.728560 1 8
10000 0.320100 1 8
100000 0.605670 1 8
1000000 0.391192 1 8
10000000 0.812559 1 8
20000000 0.728560 1 8
10000 0.320100 1 8
100000 0.605670 1 8
1000000 0.391192 1 8
10000000 0.812559 1 8
20000000 0.728560 1 8
10000 0.320100 1 8
100000 0.605670 1 8
1000000 0.391192 1 8
10000000 0.812559 1 8
20000000 0.728560 1 8
10000 0.320100 1 8
100000 0.605670 1 8
1000000 0.391192 1 8
10000000 0.812559 1 8
20000000 0.728560 1 8
10000 0.320100 1 8
100000 0.605670 1 8
1000000 0.391192 1 8
10000000 0.812559 1 8
20000000 0.728560 1 8
10000 0.320100 1 8
100000 0.605670 1 8
1000000 0.391192 1 8
10000000 0.812559 1 8
20000000 0.728560 1 8
10000 0.320100 1 8
100000 0.605670 1 8
1000000 0.391192 1 8
10000000 0.812559 1 8
20000000 0.728560 1 8
10000 0.320100 1 8
100000 0.605670 1 8
1000000 0.391192 1 8
10000000 0.812559 1 8
20000000 0.728560 1 8
10000 0.320100 1 8
100000 0.605670 1 8
1000000 0.391192 1 8
10000000 0.812559 1 8
20000000 0.728560 1 8
10000 0.320100 1 8
100000 0.605670 1 8
1000000 0.391192 1 8
10000000 0.812559 1 8
20000000 0.728560 1 8
10000 0.320100 1 8
100000 0.605670 1 8
1000000 0.391192 1 8
10000000 0.812559 1 8
20000000 0.728560 1 8
10000 0.320100 1 8
100000 0.605670 1 8
1000000 0.391192 1 8
10000000 0.812559 1 8
20000000 0.728560 1 8
10000 0.320100 1 8
100000 0.605670 1 8
1000000 0.391192 1 8
10000000 0.812559 1 8
20000000 0.728560 1 8
10000 0.320100 1 8
100000 0.605670 1 8
1000000 0.391192 1 8
10000000 0.812559 1 8
20000000 0.728560 1 8
10000 0.320100 1 8
100000 0.605670 1 8
1000000 0.391192 1 8
10000000 0.812559 1 8
20000000 0.728560 1 8
10000 0.320100 1 8
100000 0.605670 1 8
1000000 0.391192 1 8
10000000 0.812559 1 8
20000000 0.728560 1 8
10000 0.320100 1 8
100000 0.605670 1 8
1000000 0.391192 1 8
10000000 0.812559 1 8
20000000 0.728560 1 8
10000 0.320100 1 8
100000 0.605670 1 8
1000000 0.391192 1 8
10000000 0.812559 1 8
20000000 0.728560 1 8
10000 0.320100 1 8
100000 0.605670 1 8
1000000 0.391192 1 8
10000000 0.812559 1 8
20000000 0.728560 1 8
10000 0.320100 1 8
100000 0.605670 1 8
1000000 0.391192 1 8
10000000 0.812559 1 8
20000000 0.728560 1 8
10000 0.320100 1 8
100000 0.605670 1 8
1000000 0.391192 1 8
10000000 0.812559 1 8
20000000 0.728560 1 8
10000 0.320100 1 8
100000 0.605670 1 8
1000000 0.391192 1 8
10000000 0.812559 1 8
20000000 0.728560 1 8
10000 0.320100 1 8
100000 0.605670 1 8
1000000 0.391192 1 8
10000000 0.812559 1 8
20000000 0.728560 1 8
10000 0.320100 1 8
100000 0.605670 1 8
1000000 0.391192 1 8
10000000 0.812559 1 8
20000000 0.728560 1 8
10000 0.320100 1 8
100000 0.605670 1 8
1000000 0.391192 1 8
10000000 0.812559 1 8
20000000 0.728560 1 8
10000 0.320100 1 8
100000 0.605670 1 8
1000000 0.391192 1 8
10000000 0.812559 1 8
20000000 0.728560 1 8
10000 0.320100 1 8
100000 0.605670 1 8
1000000 0.391192 1 8
10000000 0.812559 1 8
20000000 0.728560 1 8
10000 0.320100 1 8
100000 0.605670 1 8
1000000 0.391192 1 8
10000000 0.812559 1 8
20000000 0.728560 1 8
10000 0.320100 1 8
100000 0.605670 1 8
1000000 0.391192 1 8
10000000 0.812559 1 8
20000000 0.728560 1 8
10000 0.320100 1 8
100000 0.605670 1 8
1000000 0.391192 1 8
10000000 0.812559 1 8
20000000 0.728560 1 8
10000 0.320100 1 8
100000 0.605670 1 8
1000000 0.391192 1 8
10000000 0.812559 1 8
20000000 0.728560 1 8
10000 0.320100 1 8
100000 0.605670 1 8
1000000 0.391192 1 8
10000000 0.812559 1 8
20000000 0.728560 1 8
10000 0.320100 1 8
100000 0.605670 1 8
1000000 0.391192 1 8
10000000 0.812559 1 8
20000000 0.728560 1 8
10000 0.320100 1 8
100000 0.605670 1 8
1000000 0.391192 1 8
10000000 0.812559 1 8
20000000 0.728560 1 8
10000 0.320100 1 8
100000 0.605670 1 8
1000000 0.391192 1 8
10000000 0.812559 1 8
20000000 0.728560 1 8
10000 0.320100 1 8
100000 0.605670 1 8
1000000 0.391192 1 8
10000000 0.812559 1 8
20000000 0.728560 1 8
10000 0.320100 1 8
100000 0.605670 1 8
1000000 0.391192 1 8
10000000 0.812559 1 8
20000000 0.728560 1 8
10000 0.320100 1 8
100000 0.605670 1 8
1000000 0.391192 1 8
10000000 0.812559 1 8
20000000 0.728560 1 8
10000 0.320100 1 8
100000 0.605670 1 8
1000000 0.391192 1 8
10000000 0.812559 1 8
20000000 0.728560 1 8
10000 0.320100 1 8
100000 0.605670 1 8
1000000 0.391192 1 8
10000000 0.812559 1 8
20000000 0.728560 1 8
10000 0.320100 1 8
100000 0.605670 1 8
1000000 0.391192 1 8
10000000 0.812559 1 8
20000000 0.728560 1 8
10000 0.320100 1 8
100000 0.605670 1 8
1000000 0.391192 1 8
10000000 0.812559 1 8
20000000 0.728560 1 8
10000 0.320100 1 8
100000 0.605670 1 8
1000000 0.391192 1 8
10000000 0.812559 1 8
20000000 0.728560 1 8
10000 0.320100 1 8
100000 0.605670 1 8
1000000 0.391192 1 8
10000000 0.812559 1 8
20000000 0.728560 1 8
10000 0.320100 1 8
100000 0.605670 1 8
1000000 0.391192 1 8
10000000 0.812559 1 8
20000000 0.728560 1 8
10000 0.320100 1 8
100000 0.605670 1 8
1000000 0.391192 1 8
10000000 0.812559 1 8
20000000 0.728560 1 8
10000 0.320100 1 8
100000 0.605670 1 8
1000000 0.391192 1 8
10000000 0.812559 1 8
20000000 0.728560 1 8
10000 0.320100 1 8
100000 0.605670 1 8
1000000 0.391192 1 8
10000000 0.812559 1 8
20000000 0.728560 1 8
10000 0.320100 1 8
100000 0.605670 1 8
1000000 0.391192 1 8
10000000 0.812559 1 8
20000000 0.728560 1 8
10000 0.320100 1 8
100000 0.605670 1 8
1000000 0.391192 1 8
10000000 0.812559 1 8
20000000 0.728560 1 8
10000 0.320100 1 8
100000 0.605670 1 8
1000000 0.391192 1 8
10000000 0.812559 1 8
20000000 0.728560 1 8
10000 0.320100 1 8
100000 0.605670 1 8
1000000 0.391192 1 8
10000000 0.812559 1 8
20000000 0.728560 1 8
10000 0.320100 1 8
100000 0.605670 1 8
1000000 0.391192 1 8
10000000 0.812559 1 8
20000000 0.728560 1 8
10000 0.320100 1 8
100000 0.605670 1 8
1000000 0.391192 1 8
10000000 0.812559 1 8
20000000 0.728560 1 8
10000 0.051000 0 2
100000 0.000260 0 2
1000000 0.000003 0 2
10000000 0.000245 0 2
20000000 0.000084 0 2
10000 0.051000 0 2
100000 0.000260 0 2
1000000 0.000003 0 2
10000000 0.000245 0 2
20000000 0.000084 0 2
10000 0.051000 0 2
100000 0.000260 0 2
1000000 0.000003 0 2
10000000 0.000245 0 2
20000000 0.000084 0 2
10000 0.051000 0 2
100000 0.000260 0 2
1000000 0.000003 0 2
10000000 0.000245 0 2
20000000 0.000084 0 2
10000 0.051000 0 2
100000 0.000260 0 2
1000000 0.000003 0 2
10000000 0.000245 0 2
20000000 0.000084 0 2
10000 0.051000 0 2
100000 0.000260 0 2
1000000 0.000003 0 2
10000000 0.000245 0 2
20000000 0.000084 0 2
10000 0.051000 0 2
100000 0.000260 0 2
1000000 0.000003 0 2
10000000 0.000245 0 2
20000000 0.000084 0 2
10000 0.051000 0 2
100000 0.000260 0 2
1000000 0.000003 0 2
10000000 0.000245 0 2
20000000 0.000084 0 2
10000 0.051000 0 2
100000 0.000260 0 2
1000000 0.000003 0 2
10000000 0.000245 0 2
20000000 0.000084 0 2
10000 0.051000 0 2
100000 0.000260 0 2
1000000 0.000003 0 2
10000000 0.000245 0 2
20000000 0.000084 0 2
10000 0.051000 0 2
100000 0.000260 0 2
1000000 0.000003 0 2
10000000 0.000245 0 2
20000000 0.000084 0 2
10000 0.051000 0 2
100000 0.000260 0 2
1000000 0.000003 0 2
10000000 0.000245 0 2
20000000 0.000084 0 2
10000 0.051000 0 2
100000 0.000260 0 2
1000000 0.000003 0 2
10000000 0.000245 0 2
20000000 0.000084 0 2
10000 0.051000 0 2
100000 0.000260 0 2
1000000 0.000003 0 2
10000000 0.000245 0 2
20000000 0.000084 0 2
10000 0.051000 0 2
100000 0.000260 0 2
1000000 0.000003 0 2
10000000 0.000245 0 2
20000000 0.000084 0 2
10000 0.051000 0 2
100000 0.000260 0 2
1000000 0.000003 0 2
10000000 0.000245 0 2
20000000 0.000084 0 2
10000 0.051000 0 2
100000 0.000260 0 2
1000000 0.000003 0 2
10000000 0.000245 0 2
20000000 0.000084 0 2
10000 0.051000 0 2
100000 0.000260 0 2
1000000 0.000003 0 2
10000000 0.000245 0 2
20000000 0.000084 0 2
10000 0.051000 0 2
100000 0.000260 0 2
1000000 0.000003 0 2
10000000 0.000245 0 2
20000000 0.000084 0 2
10000 0.051000 0 2
100000 0.000260 0 2
1000000 0.000003 0 2
10000000 0.000245 0 2
20000000 0.000084 0 2
10000 0.051000 0 2
100000 0.000260 0 2
1000000 0.000003 0 2
10000000 0.000245 0 2
20000000 0.000084 0 2
10000 0.051000 0 2
100000 0.000260 0 2
1000000 0.000003 0 2
10000000 0.000245 0 2
20000000 0.000084 0 2
10000 0.051000 0 2
100000 0.000260 0 2
1000000 0.000003 0 2
10000000 0.000245 0 2
20000000 0.000084 0 2
10000 0.051000 0 2
100000 0.000260 0 2
1000000 0.000003 0 2
10000000 0.000245 0 2
20000000 0.000084 0 2
10000 0.051000 0 2
100000 0.000260 0 2
1000000 0.000003 0 2
10000000 0.000245 0 2
20000000 0.000084 0 2
10000 0.051000 0 2
100000 0.000260 0 2
1000000 0.000003 0 2
10000000 0.000245 0 2
20000000 0.000084 0 2
10000 0.051000 0 2
100000 0.000260 0 2
1000000 0.000003 0 2
10000000 0.000245 0 2
20000000 0.000084 0 2
10000 0.051000 0 2
100000 0.000260 0 2
1000000 0.000003 0 2
10000000 0.000245 0 2
20000000 0.000084 0 2
10000 0.051000 0 2
100000 0.000260 0 2
1000000 0.000003 0 2
10000000 0.000245 0 2
20000000 0.000084 0 2
10000 0.051000 0 2
100000 0.000260 0 2
1000000 0.000003 0 2
10000000 0.000245 0 2
20000000 0.000084 0 2
10000 0.051000 0 2
100000 0.000260 0 2
1000000 0.000003 0 2
10000000 0.000245 0 2
20000000 0.000084 0 2
10000 0.051000 0 2
100000 0.000260 0 2
1000000 0.000003 0 2
10000000 0.000245 0 2
20000000 0.000084 0 2
10000 0.051000 0 2
100000 0.000260 0 2
1000000 0.000003 0 2
10000000 0.000245 0 2
20000000 0.000084 0 2
10000 0.051000 0 2
100000 0.000260 0 2
1000000 0.000003 0 2
10000000 0.000245 0 2
20000000 0.000084 0 2
10000 0.051000 0 2
100000 0.000260 0 2
1000000 0.000003 0 2
10000000 0.000245 0 2
20000000 0.000084 0 2
10000 0.051000 0 2
100000 0.000260 0 2
1000000 0.000003 0 2
10000000 0.000245 0 2
20000000 0.000084 0 2
10000 0.051000 0 2
100000 0.000260 0 2
1000000 0.000003 0 2
10000000 0.000245 0 2
20000000 0.000084 0 2
10000 0.051000 0 2
100000 0.000260 0 2
1000000 0.000003 0 2
10000000 0.000245 0 2
20000000 0.000084 0 2
10000 0.051000 0 2
100000 0.000260 0 2
1000000 0.000003 0 2
10000000 0.000245 0 2
20000000 0.000084 0 2
10000 0.051000 0 2
100000 0.000260 0 2
1000000 0.000003 0 2
10000000 0.000245 0 2
20000000 0.000084 0 2
10000 0.051000 0 2
100000 0.000260 0 2
1000000 0.000003 0 2
10000000 0.000245 0 2
20000000 0.000084 0 2
10000 0.051000 0 2
100000 0.000260 0 2
1000000 0.000003 0 2
10000000 0.000245 0 2
20000000 0.000084 0 2
10000 0.051000 0 2
100000 0.000260 0 2
1000000 0.000003 0 2
10000000 0.000245 0 2
20000000 0.000084 0 2
10000 0.051000 0 2
100000 0.000260 0 2
1000000 0.000003 0 2
10000000 0.000245 0 2
20000000 0.000084 0 2
10000 0.051000 0 2
100000 0.000260 0 2
1000000 0.000003 0 2
10000000 0.000245 0 2
20000000 0.000084 0 2
10000 0.051000 0 2
100000 0.000260 0 2
1000000 0.000003 0 2
10000000 0.000245 0 2
20000000 0.000084 0 2
10000 0.051000 0 2
100000 0.000260 0 2
1000000 0.000003 0 2
10000000 0.000245 0 2
20000000 0.000084 0 2
10000 0.051000 0 2
100000 0.000260 0 2
1000000 0.000003 0 2
10000000 0.000245 0 2
20000000 0.000084 0 2
10000 0.051000 0 2
100000 0.000260 0 2
1000000 0.000003 0 2
10000000 0.000245 0 2
20000000 0.000084 0 2
10000 0.051000 0 2
100000 0.000260 0 2
1000000 0.000003 0 2
10000000 0.000245 0 2
20000000 0.000084 0 2
10000 0.051000 0 2
100000 0.000260 0 2
1000000 0.000003 0 2
10000000 0.000245 0 2
20000000 0.000084 0 2
10000 0.051000 0 2
100000 0.000260 0 2
1000000 0.000003 0 2
10000000 0.000245 0 2
20000000 0.000084 0 2
10000 0.051000 0 2
100000 0.000260 0 2
1000000 0.000003 0 2
10000000 0.000245 0 2
20000000 0.000084 0 2
10000 0.051000 0 2
100000 0.000260 0 2
1000000 0.000003 0 2
10000000 0.000245 0 2
20000000 0.000084 0 2
10000 0.051000 0 2
100000 0.000260 0 2
1000000 0.000003 0 2
10000000 0.000245 0 2
20000000 0.000084 0 2
10000 0.051000 0 2
100000 0.000260 0 2
1000000 0.000003 0 2
10000000 0.000245 0 2
20000000 0.000084 0 2
10000 0.051000 0 2
100000 0.000260 0 2
1000000 0.000003 0 2
10000000 0.000245 0 2
20000000 0.000084 0 2
10000 0.051000 0 2
100000 0.000260 0 2
1000000 0.000003 0 2
10000000 0.000245 0 2
20000000 0.000084 0 2
10000 0.051000 0 2
100000 0.000260 0 2
1000000 0.000003 0 2
10000000 0.000245 0 2
20000000 0.000084 0 2
10000 0.051000 0 2
100000 0.000260 0 2
1000000 0.000003 0 2
10000000 0.000245 0 2
20000000 0.000084 0 2
10000 0.051000 0 2
100000 0.000260 0 2
1000000 0.000003 0 2
10000000 0.000245 0 2
20000000 0.000084 0 2
10000 0.051000 0 2
100000 0.000260 0 2
1000000 0.000003 0 2
10000000 0.000245 0 2
20000000 0.000084 0 2
10000 0.051000 0 2
100000 0.000260 0 2
1000000 0.000003 0 2
10000000 0.000245 0 2
20000000 0.000084 0 2
10000 0.051000 0 2
100000 0.000260 0 2
1000000 0.000003 0 2
10000000 0.000245 0 2
20000000 0.000084 0 2
10000 0.051000 0 2
100000 0.000260 0 2
1000000 0.000003 0 2
10000000 0.000245 0 2
20000000 0.000084 0 2
10000 0.051000 0 2
100000 0.000260 0 2
1000000 0.000003 0 2
10000000 0.000245 0 2
20000000 0.000084 0 2
10000 0.051000 0 2
100000 0.000260 0 2
1000000 0.000003 0 2
10000000 0.000245 0 2
20000000 0.000084 0 2
10000 0.051000 0 2
100000 0.000260 0 2
1000000 0.000003 0 2
10000000 0.000245 0 2
20000000 0.000084 0 2
10000 0.051000 0 2
100000 0.000260 0 2
1000000 0.000003 0 2
10000000 0.000245 0 2
20000000 0.000084 0 2
10000 0.051000 0 2
100000 0.000260 0 2
1000000 0.000003 0 2
10000000 0.000245 0 2
20000000 0.000084 0 2
10000 0.051000 0 2
100000 0.000260 0 2
1000000 0.000003 0 2
10000000 0.000245 0 2
20000000 0.000084 0 2
10000 0.051000 0 2
100000 0.000260 0 2
1000000 0.000003 0 2
10000000 0.000245 0 2
20000000 0.000084 0 2
10000 0.051000 0 2
100000 0.000260 0 2
1000000 0.000003 0 2
10000000 0.000245 0 2
20000000 0.000084 0 2
10000 0.051000 0 2
100000 0.000260 0 2
1000000 0.000003 0 2
10000000 0.000245 0 2
20000000 0.000084 0 2
10000 0.051000 0 2
100000 0.000260 0 2
1000000 0.000003 0 2
10000000 0.000245 0 2
20000000 0.000084 0 2
10000 0.051000 0 2
100000 0.000260 0 2
1000000 0.000003 0 2
10000000 0.000245 0 2
20000000 0.000084 0 2
10000 0.051000 0 2
100000 0.000260 0 2
1000000 0.000003 0 2
10000000 0.000245 0 2
20000000 0.000084 0 2
10000 0.051000 0 2
100000 0.000260 0 2
1000000 0.000003 0 2
10000000 0.000245 0 2
20000000 0.000084 0 2
10000 0.051000 0 2
100000 0.000260 0 2
1000000 0.000003 0 2
10000000 0.000245 0 2
20000000 0.000084 0 2
10000 0.051000 0 2
100000 0.000260 0 2
1000000 0.000003 0 2
10000000 0.000245 0 2
20000000 0.000084 0 2
10000 0.051000 0 2
100000 0.000260 0 2
1000000 0.000003 0 2
10000000 0.000245 0 2
20000000 0.000084 0 2
10000 0.051000 0 2
100000 0.000260 0 2
1000000 0.000003 0 2
10000000 0.000245 0 2
20000000 0.000084 0 2
10000 0.051000 0 2
100000 0.000260 0 2
1000000 0.000003 0 2
10000000 0.000245 0 2
20000000 0.000084 0 2
10000 0.051000 0 2
100000 0.000260 0 2
1000000 0.000003 0 2
10000000 0.000245 0 2
20000000 0.000084 0 2
10000 0.051000 0 2
100000 0.000260 0 2
1000000 0.000003 0 2
10000000 0.000245 0 2
20000000 0.000084 0 2
10000 0.051000 0 2
100000 0.000260 0 2
1000000 0.000003 0 2
10000000 0.000245 0 2
20000000 0.000084 0 2
10000 0.051000 0 2
100000 0.000260 0 2
1000000 0.000003 0 2
10000000 0.000245 0 2
20000000 0.000084 0 2
10000 0.051000 0 2
100000 0.000260 0 2
1000000 0.000003 0 2
10000000 0.000245 0 2
20000000 0.000084 0 2
10000 0.051000 0 2
100000 0.000260 0 2
1000000 0.000003 0 2
10000000 0.000245 0 2
20000000 0.000084 0 2
10000 0.051000 0 2
100000 0.000260 0 2
1000000 0.000003 0 2
10000000 0.000245 0 2
20000000 0.000084 0 2
10000 0.051000 0 2
100000 0.000260 0 2
1000000 0.000003 0 2
10000000 0.000245 0 2
20000000 0.000084 0 2
10000 0.051000 0 2
100000 0.000260 0 2
1000000 0.000003 0 2
10000000 0.000245 0 2
20000000 0.000084 0 2
10000 0.051000 0 2
100000 0.000260 0 2
1000000 0.000003 0 2
10000000 0.000245 0 2
20000000 0.000084 0 2
10000 0.051000 0 2
100000 0.000260 0 2
1000000 0.000003 0 2
10000000 0.000245 0 2
20000000 0.000084 0 2
10000 0.051000 0 2
100000 0.000260 0 2
1000000 0.000003 0 2
10000000 0.000245 0 2
20000000 0.000084 0 2
10000 0.051000 0 2
100000 0.000260 0 2
1000000 0.000003 0 2
10000000 0.000245 0 2
20000000 0.000084 0 2
10000 0.051000 0 2
100000 0.000260 0 2
1000000 0.000003 0 2
10000000 0.000245 0 2
20000000 0.000084 0 2
10000 0.051000 0 2
100000 0.000260 0 2
1000000 0.000003 0 2
10000000 0.000245 0 2
20000000 0.000084 0 2
10000 0.051000 0 2
100000 0.000260 0 2
1000000 0.000003 0 2
10000000 0.000245 0 2
20000000 0.000084 0 2
10000 0.051000 0 2
100000 0.000260 0 2
1000000 0.000003 0 2
10000000 0.000245 0 2
20000000 0.000084 0 2
10000 0.051000 0 2
100000 0.000260 0 2
1000000 0.000003 0 2
10000000 0.000245 0 2
20000000 0.000084 0 2
10000 0.051000 0 2
100000 0.000260 0 2
1000000 0.000003 0 2
10000 0.250900 0 1
100000 0.248550 0 1
1000000 0.249100 0 1
10000000 0.249538 0 1
20000000 0.249761 0 1
10000 0.250900 0 1
100000 0.248550 0 1
1000000 0.249100 0 1
10000000 0.249538 0 1
20000000 0.249761 0 1
10000 0.250900 0 1
100000 0.248550 0 1
1000000 0.249100 0 1
10000000 0.249538 0 1
20000000 0.249761 0 1
10000 0.250900 0 1
100000 0.248550 0 1
1000000 0.249100 0 1
10000000 0.249538 0 1
20000000 0.249761 0 1
10000 0.250900 0 1
100000 0.248550 0 1
1000000 0.249100 0 1
10000000 0.249538 0 1
20000000 0.249761 0 1
10000 0.250900 0 1
100000 0.248550 0 1
1000000 0.249100 0 1
10000000 0.249538 0 1
20000000 0.249761 0 1
10000 0.250900 0 1
100000 0.248550 0 1
1000000 0.249100 0 1
10000000 0.249538 0 1
20000000 0.249761 0 1
10000 0.250900 0 1
100000 0.248550 0 1
1000000 0.249100 0 1
10000000 0.249538 0 1
20000000 0.249761 0 1
10000 0.250900 0 1
100000 0.248550 0 1
1000000 0.249100 0 1
10000000 0.249538 0 1
20000000 0.249761 0 1
10000 0.250900 0 1
100000 0.248550 0 1
1000000 0.249100 0 1
10000000 0.249538 0 1
20000000 0.249761 0 1
10000 0.250900 0 1
100000 0.248550 0 1
1000000 0.249100 0 1
10000000 0.249538 0 1
20000000 0.249761 0 1
10000 0.250900 0 1
100000 0.248550 0 1
1000000 0.249100 0 1
10000000 0.249538 0 1
20000000 0.249761 0 1
10000 0.250900 0 1
100000 0.248550 0 1
1000000 0.249100 0 1
10000000 0.249538 0 1
20000000 0.249761 0 1
10000 0.250900 0 1
100000 0.248550 0 1
1000000 0.249100 0 1
10000000 0.249538 0 1
20000000 0.249761 0 1
10000 0.250900 0 1
100000 0.248550 0 1
1000000 0.249100 0 1
10000000 0.249538 0 1
20000000 0.249761 0 1
10000 0.250900 0 1
100000 0.248550 0 1
1000000 0.249100 0 1
10000000 0.249538 0 1
20000000 0.249761 0 1
10000 0.250900 0 1
100000 0.248550 0 1
1000000 0.249100 0 1
10000000 0.249538 0 1
20000000 0.249761 0 1
10000 0.250900 0 1
100000 0.248550 0 1
1000000 0.249100 0 1
10000000 0.249538 0 1
20000000 0.249761 0 1
10000 0.250900 0 1
100000 0.248550 0 1
1000000 0.249100 0 1
10000000 0.249538 0 1
20000000 0.249761 0 1
10000 0.250900 0 1
100000 0.248550 0 1
1000000 0.249100 0 1
10000000 0.249538 0 1
20000000 0.249761 0 1
10000 0.250900 0 1
100000 0.248550 0 1
1000000 0.249100 0 1
10000000 0.249538 0 1
20000000 0.249761 0 1
10000 0.250900 0 1
100000 0.248550 0 1
1000000 0.249100 0 1
10000000 0.249538 0 1
20000000 0.249761 0 1
10000 0.250900 0 1
100000 0.248550 0 1
1000000 0.249100 0 1
10000000 0.249538 0 1
20000000 0.249761 0 1
10000 0.250900 0 1
100000 0.248550 0 1
1000000 0.249100 0 1
10000000 0.249538 0 1
20000000 0.249761 0 1
10000 0.250900 0 1
100000 0.248550 0 1
1000000 0.249100 0 1
10000000 0.249538 0 1
20000000 0.249761 0 1
10000 0.250900 0 1
100000 0.248550 0 1
1000000 0.249100 0 1
10000000 0.249538 0 1
20000000 0.249761 0 1
10000 0.250900 0 1
100000 0.248550 0 1
1000000 0.249100 0 1
10000000 0.249538 0 1
20000000 0.249761 0 1
10000 0.250900 0 1
100000 0.248550 0 1
1000000 0.249100 0 1
10000000 0.249538 0 1
20000000 0.249761 0 1
10000 0.250900 0 1
100000 0.248550 0 1
1000000 0.249100 0 1
10000000 0.249538 0 1
20000000 0.249761 0 1
10000 0.250900 0 1
100000 0.248550 0 1
1000000 0.249100 0 1
10000000 0.249538 0 1
20000000 0.249761 0 1
10000 0.250900 0 1
100000 0.248550 0 1
1000000 0.249100 0 1
10000000 0.249538 0 1
20000000 0.249761 0 1
10000 0.250900 0 1
100000 0.248550 0 1
1000000 0.249100 0 1
10000000 0.249538 0 1
20000000 0.249761 0 1
10000 0.250900 0 1
100000 0.248550 0 1
1000000 0.249100 0 1
10000000 0.249538 0 1
20000000 0.249761 0 1
10000 0.250900 0 1
100000 0.248550 0 1
1000000 0.249100 0 1
10000000 0.249538 0 1
20000000 0.249761 0 1
10000 0.250900 0 1
100000 0.248550 0 1
1000000 0.249100 0 1
10000000 0.249538 0 1
20000000 0.249761 0 1
10000 0.250900 0 1
100000 0.248550 0 1
1000000 0.249100 0 1
10000000 0.249538 0 1
20000000 0.249761 0 1
10000 0.250900 0 1
100000 0.248550 0 1
1000000 0.249100 0 1
10000000 0.249538 0 1
20000000 0.249761 0 1
10000 0.250900 0 1
100000 0.248550 0 1
1000000 0.249100 0 1
10000000 0.249538 0 1
20000000 0.249761 0 1
10000 0.250900 0 1
100000 0.248550 0 1
1000000 0.249100 0 1
10000000 0.249538 0 1
20000000 0.249761 0 1
10000 0.250900 0 1
100000 0.248550 0 1
1000000 0.249100 0 1
10000000 0.249538 0 1
20000000 0.249761 0 1
10000 0.250900 0 1
100000 0.248550 0 1
1000000 0.249100 0 1
10000000 0.249538 0 1
20000000 0.249761 0 1
10000 0.250900 0 1
100000 0.248550 0 1
1000000 0.249100 0 1
10000000 0.249538 0 1
20000000 0.249761 0 1
10000 0.250900 0 1
100000 0.248550 0 1
1000000 0.249100 0 1
10000000 0.249538 0 1
20000000 0.249761 0 1
10000 0.250900 0 1
100000 0.248550 0 1
1000000 0.249100 0 1
10000000 0.249538 0 1
20000000 0.249761 0 1
10000 0.250900 0 1
100000 0.248550 0 1
1000000 0.249100 0 1
10000000 0.249538 0 1
20000000 0.249761 0 1
10000 0.250900 0 1
100000 0.248550 0 1
1000000 0.249100 0 1
10000000 0.249538 0 1
20000000 0.249761 0 1
10000 0.250900 0 1
100000 0.248550 0 1
1000000 0.249100 0 1
10000000 0.249538 0 1
20000000 0.249761 0 1
10000 0.250900 0 1
100000 0.248550 0 1
1000000 0.249100 0 1
10000000 0.249538 0 1
20000000 0.249761 0 1
10000 0.250900 0 1
100000 0.248550 0 1
1000000 0.249100 0 1
10000000 0.249538 0 1
20000000 0.249761 0 1
10000 0.250900 0 1
100000 0.248550 0 1
1000000 0.249100 0 1
10000000 0.249538 0 1
20000000 0.249761 0 1
10000 0.250900 0 1
100000 0.248550 0 1
1000000 0.249100 0 1
10000000 0.249538 0 1
20000000 0.249761 0 1
10000 0.250900 0 1
100000 0.248550 0 1
1000000 0.249100 0 1
10000000 0.249538 0 1
20000000 0.249761 0 1
10000 0.250900 0 1
100000 0.248550 0 1
1000000 0.249100 0 1
10000000 0.249538 0 1
20000000 0.249761 0 1
10000 0.250900 0 1
100000 0.248550 0 1
1000000 0.249100 0 1
10000000 0.249538 0 1
20000000 0.249761 0 1
10000 0.250900 0 1
100000 0.248550 0 1
1000000 0.249100 0 1
10000000 0.249538 0 1
20000000 0.249761 0 1
10000 0.250900 0 1
100000 0.248550 0 1
1000000 0.249100 0 1
10000000 0.249538 0 1
20000000 0.249761 0 1
10000 0.250900 0 1
100000 0.248550 0 1
1000000 0.249100 0 1
10000000 0.249538 0 1
20000000 0.249761 0 1
10000 0.250900 0 1
100000 0.248550 0 1
1000000 0.249100 0 1
10000000 0.249538 0 1
20000000 0.249761 0 1
10000 0.250900 0 1
100000 0.248550 0 1
1000000 0.249100 0 1
10000000 0.249538 0 1
20000000 0.249761 0 1
10000 0.250900 0 1
100000 0.248550 0 1
1000000 0.249100 0 1
10000000 0.249538 0 1
20000000 0.249761 0 1
10000 0.250900 0 1
100000 0.248550 0 1
1000000 0.249100 0 1
10000000 0.249538 0 1
20000000 0.249761 0 1
10000 0.250900 0 1
100000 0.248550 0 1
1000000 0.249100 0 1
10000000 0.249538 0 1
20000000 0.249761 0 1
10000 0.250900 0 1
100000 0.248550 0 1
1000000 0.249100 0 1
10000000 0.249538 0 1
20000000 0.249761 0 1
10000 0.250900 0 1
100000 0.248550 0 1
1000000 0.249100 0 1
10000000 0.249538 0 1
20000000 0.249761 0 1
10000 0.250900 0 1
100000 0.248550 0 1
1000000 0.249100 0 1
10000000 0.249538 0 1
20000000 0.249761 0 1
10000 0.250900 0 1
100000 0.248550 0 1
1000000 0.249100 0 1
10000000 0.249538 0 1
20000000 0.249761 0 1
10000 0.250900 0 1
100000 0.248550 0 1
1000000 0.249100 0 1
10000000 0.249538 0 1
20000000 0.249761 0 1
10000 0.250900 0 1
100000 0.248550 0 1
1000000 0.249100 0 1
10000000 0.249538 0 1
20000000 0.249761 0 1
10000 0.250900 0 1
100000 0.248550 0 1
1000000 0.249100 0 1
10000000 0.249538 0 1
20000000 0.249761 0 1
10000 0.250900 0 1
100000 0.248550 0 1
1000000 0.249100 0 1
10000000 0.249538 0 1
20000000 0.249761 0 1
10000 0.250900 0 1
100000 0.248550 0 1
1000000 0.249100 0 1
10000000 0.249538 0 1
20000000 0.249761 0 1
10000 0.250900 0 1
100000 0.248550 0 1
1000000 0.249100 0 1
10000000 0.249538 0 1
20000000 0.249761 0 1
10000 0.250900 0 1
100000 0.248550 0 1
1000000 0.249100 0 1
10000000 0.249538 0 1
20000000 0.249761 0 1
10000 0.250900 0 1
100000 0.248550 0 1
1000000 0.249100 0 1
10000000 0.249538 0 1
20000000 0.249761 0 1
10000 0.250900 0 1
100000 0.248550 0 1
1000000 0.249100 0 1
10000000 0.249538 0 1
20000000 0.249761 0 1
10000 0.250900 0 1
100000 0.248550 0 1
1000000 0.249100 0 1
10000000 0.249538 0 1
20000000 0.249761 0 1
10000 0.250900 0 1
100000 0.248550 0 1
1000000 0.249100 0 1
10000000 0.249538 0 1
20000000 0.249761 0 1
10000 0.250900 0 1
100000 0.248550 0 1
1000000 0.249100 0 1
10000000 0.249538 0 1
20000000 0.249761 0 1
10000 0.250900 0 1
100000 0.248550 0 1
1000000 0.249100 0 1
10000000 0.249538 0 1
20000000 0.249761 0 1
10000 0.250900 0 1
100000 0.248550 0 1
1000000 0.249100 0 1
10000000 0.249538 0 1
20000000 0.249761 0 1
10000 0.250900 0 1
100000 0.248550 0 1
1000000 0.249100 0 1
10000000 0.249538 0 1
20000000 0.249761 0 1
10000 0.250900 0 1
100000 0.248550 0 1
1000000 0.249100 0 1
10000000 0.249538 0 1
20000000 0.249761 0 1
10000 0.250900 0 1
100000 0.248550 0 1
1000000 0.249100 0 1
10000000 0.249538 0 1
20000000 0.249761 0 1
10000 0.250900 0 1
100000 0.248550 0 1
1000000 0.249100 0 1
10000000 0.249538 0 1
20000000 0.249761 0 1
10000 0.250900 0 1
100000 0.248550 0 1
1000000 0.249100 0 1
10000000 0.249538 0 1
20000000 0.249761 0 1
10000 0.250900 0 1
100000 0.248550 0 1
1000000 0.249100 0 1
10000000 0.249538 0 1
20000000 0.249761 0 1
10000 0.250900 0 1
100000 0.248550 0 1
1000000 0.249100 0 1
10000000 0.249538 0 1
20000000 0.249761 0 1
10000 0.250900 0 1
100000 0.248550 0 1
1000000 0.249100 0 1
10000000 0.249538 0 1
20000000 0.249761 0 1
10000 0.250900 0 1
100000 0.248550 0 1
1000000 0.249100 0 1
10000000 0.249538 0 1
20000000 0.249761 0 1
10000 0.250900 0 1
100000 0.248550 0 1
1000000 0.249100 0 1
10000000 0.249538 0 1
20000000 0.249761 0 1
10000 0.250900 0 1
100000 0.248550 0 1
1000000 0.249100 0 1
10000000 0.249538 0 1
20000000 0.249761 0 1
10000 0.250900 0 1
100000 0.248550 0 1
1000000 0.249100 0 1
10000000 0.249538 0 1
20000000 0.249761 0 1
10000 0.250900 0 1
100000 0.248550 0 1
1000000 0.249100 0 1
10000000 0.249538 0 1
20000000 0.249761 0 1
10000 0.250900 0 1
100000 0.248550 0 1
1000000 0.249100 0 1
10000000 0.249538 0 1
20000000 0.249761 0 1
10000 0.250900 0 1
100000 0.248550 0 1
1000000 0.249100 0 1
10000000 0.249538 0 1
20000000 0.249761 0 1
10000 0.250900 0 1
100000 0.248550 0 1
1000000 0.249100 0 1
10000000 0.249538 0 1
20000000 0.249761 0 1
10000 0.250900 0 1
100000 0.248550 0 1
1000000 0.249100 0 1
10000000 0.249538 0 1
20000000 0.249761 0 1
10000 0.250900 0 1
100000 0.248550 0 1
1000000 0.249100 0 1
10000000 0.249538 0 1
20000000 0.249761 0 1
10000 0.250900 0 1
100000 0.248550 0 1
1000000 0.249100 0 1
10000000 0.249538 0 1
20000000 0.249761 0 1
10000 0.250900 0 1
100000 0.248550 0 1
1000000 0.249100 0 1
10000000 0.249538 0 1
20000000 0.249761 0 1
20000000 0.000060 0 0
20000000 0.000060 0 0
20000000 0.000060 0 0
20000000 0.000060 0 0
20000000 0.000060 0 0
20000000 0.000060 0 0
20000000 0.000060 0 0
20000000 0.000060 0 0
20000000 0.000060 0 0
20000000 0.000060 0 0
20000000 0.000060 0 0
20000000 0.000060 0 0
20000000 0.000060 0 0
20000000 0.000060 0 0
20000000 0.000060 0 0
20000000 0.000060 0 0
20000000 0.000060 0 0
20000000 0.000060 0 0
20000000 0.000060 0 0
20000000 0.000060 0 0
20000000 0.000060 0 0
20000000 0.000060 0 0
20000000 0.000060 0 0
20000000 0.000060 0 0
20000000 0.000060 0 0
20000000 0.000060 0 0
20000000 0.000060 0 0
20000000 0.000060 0 0
20000000 0.000060 0 0
20000000 0.000060 0 0
20000000 0.000060 0 0
20000000 0.000060 0 0
20000000 0.000060 0 0
20000000 0.000060 0 0
20000000 0.000060 0 0
20000000 0.000060 0 0
20000000 0.000060 0 0
20000000 0.000060 0 0
20000000 0.000060 0 0
20000000 0.000060 0 0
20000000 0.000060 0 0
20000000 0.000060 0 0
20000000 0.000060 0 0
20000000 0.000060 0 0
20000000 0.000060 0 0
20000000 0.000060 0 0
20000000 0.000060 0 0
20000000 0.000060 0 0
20000000 0.000060 0 0
20000000 0.000060 0 0
20000000 0.000060 0 0
20000000 0.000060 0 0
20000000 0.000060 0 0
20000000 0.000060 0 0
20000000 0.000060 0 0
20000000 0.000060 0 0
20000000 0.000060 0 0
20000000 0.000060 0 0
20000000 0.000060 0 0
20000000 0.000060 0 0
20000000 0.000060 0 0
20000000 0.000060 0 0
20000000 0.000060 0 0
20000000 0.000060 0 0
20000000 0.000060 0 0
20000000 0.000060 0 0
20000000 0.000060 0 0
20000000 0.000060 0 0
20000000 0.000060 0 0
20000000 0.000060 0 0
20000000 0.000060 0 0
20000000 0.000060 0 0
20000000 0.000060 0 0
20000000 0.000060 0 0
20000000 0.000060 0 0
20000000 0.000060 0 0
20000000 0.000060 0 0
20000000 0.000060 0 0
20000000 0.000060 0 0
20000000 0.000060 0 0
20000000 0.000060 0 0
20000000 0.000060 0 0
20000000 0.000060 0 0
20000000 0.000060 0 0
20000000 0.000060 0 0
20000000 0.000060 0 0
20000000 0.000060 0 0
20000000 0.000060 0 0
20000000 0.000060 0 0
20000000 0.000060 0 0
20000000 0.000060 0 0
20000000 0.000060 0 0
20000000 0.000060 0 0
20000000 0.000060 0 0
20000000 0.000060 0 0
20000000 0.000060 0 0
20000000 0.000060 0 0
20000000 0.000060 0 0
20000000 0.000060 0 0
20000000 0.000060 0 0
20000000 0.000095 0 8
20000000 0.000095 0 8
20000000 0.000095 0 8
20000000 0.000095 0 8
20000000 0.000095 0 8
20000000 0.000095 0 8
20000000 0.000095 0 8
20000000 0.000095 0 8
20000000 0.000095 0 8
20000000 0.000095 0 8
20000000 0.000095 0 8
20000000 0.000095 0 8
20000000 0.000095 0 8
20000000 0.000095 0 8
20000000 0.000095 0 8
20000000 0.000095 0 8
20000000 0.000095 0 8
20000000 0.000095 0 8
20000000 0.000095 0 8
20000000 0.000095 0 8
20000000 0.000095 0 8
20000000 0.000095 0 8
20000000 0.000095 0 8
20000000 0.000095 0 8
20000000 0.000095 0 8
20000000 0.000095 0 8
20000000 0.000095 0 8
20000000 0.000095 0 8
20000000 0.000095 0 8
20000000 0.000095 0 8
20000000 0.000095 0 8
20000000 0.000095 0 8
20000000 0.000095 0 8
20000000 0.000095 0 8
20000000 0.000095 0 8
20000000 0.000095 0 8
20000000 0.000095 0 8
20000000 0.000095 0 8
20000000 0.000095 0 8
20000000 0.000095 0 8
20000000 0.000095 0 8
20000000 0.000095 0 8
20000000 0.000095 0 8
20000000 0.000095 0 8
20000000 0.000095 0 8
20000000 0.000095 0 8
20000000 0.000095 0 8
20000000 0.000095 0 8
20000000 0.000095 0 8
20000000 0.000095 0 8
20000000 0.000095 0 8
20000000 0.000095 0 8
20000000 0.000095 0 8
20000000 0.000095 0 8
20000000 0.000095 0 8
20000000 0.000095 0 8
20000000 0.000095 0 8
20000000 0.000095 0 8
20000000 0.000095 0 8
20000000 0.000095 0 8
20000000 0.000095 0 8
20000000 0.000095 0 8
20000000 0.000095 0 8
20000000 0.000095 0 8
20000000 0.000095 0 8
20000000 0.000095 0 8
20000000 0.000095 0 8
20000000 0.000095 0 8
20000000 0.000095 0 8
20000000 0.000095 0 8
20000000 0.000095 0 8
20000000 0.000095 0 8
20000000 0.000095 0 8
20000000 0.000095 0 8
20000000 0.000095 0 8
20000000 0.000095 0 8
20000000 0.000095 0 8
20000000 0.000095 0 8
20000000 0.000095 0 8
20000000 0.000095 0 8
20000000 0.000095 0 8
20000000 0.000095 0 8
20000000 0.000095 0 8
20000000 0.000095 0 8
20000000 0.000095 0 8
20000000 0.000095 0 8
20000000 0.000095 0 8
20000000 0.000095 0 8
20000000 0.000095 0 8
20000000 0.000095 0 8
20000000 0.000095 0 8
20000000 0.000095 0 8
20000000 0.000095 0 8
20000000 0.000095 0 8
20000000 0.000095 0 8
20000000 0.000095 0 8
20000000 0.000095 0 8
20000000 0.000095 0 8
20000000 0.000095 0 8
20000000 0.000095 0 8
20000000 0.728560 1 0
20000000 0.728560 1 0
20000000 0.728560 1 0
20000000 0.728560 1 0
20000000 0.728560 1 0
20000000 0.728560 1 0
20000000 0.728560 1 0
20000000 0.728560 1 0
20000000 0.728560 1 0
20000000 0.728560 1 0
20000000 0.728560 1 0
20000000 0.728560 1 0
20000000 0.728560 1 0
20000000 0.728560 1 0
20000000 0.728560 1 0
20000000 0.728560 1 0
20000000 0.728560 1 0
20000000 0.728560 1 0
20000000 0.728560 1 0
20000000 0.728560 1 0
20000000 0.728560 1 0
20000000 0.728560 1 0
20000000 0.728560 1 0
20000000 0.728560 1 0
20000000 0.728560 1 0
20000000 0.728560 1 0
20000000 0.728560 1 0
20000000 0.728560 1 0
20000000 0.728560 1 0
20000000 0.728560 1 0
20000000 0.728560 1 0
20000000 0.728560 1 0
20000000 0.728560 1 0
20000000 0.728560 1 0
20000000 0.728560 1 0
20000000 0.728560 1 0
20000000 0.728560 1 0
20000000 0.728560 1 0
20000000 0.728560 1 0
20000000 0.728560 1 0
20000000 0.728560 1 0
20000000 0.728560 1 0
20000000 0.728560 1 0
20000000 0.728560 1 0
20000000 0.728560 1 0
20000000 0.728560 1 0
20000000 0.728560 1 0
20000000 0.728560 1 0
20000000 0.728560 1 0
20000000 0.728560 1 0
20000000 0.728560 1 0
20000000 0.728560 1 0
20000000 0.728560 1 0
20000000 0.728560 1 0
20000000 0.728560 1 0
20000000 0.728560 1 0
20000000 0.728560 1 0
20000000 0.728560 1 0
20000000 0.728560 1 0
20000000 0.728560 1 0
20000000 0.728560 1 0
20000000 0.728560 1 0
20000000 0.728560 1 0
20000000 0.728560 1 0
20000000 0.728560 1 0
20000000 0.728560 1 0
20000000 0.728560 1 0
20000000 0.728560 1 0
20000000 0.728560 1 0
20000000 0.728560 1 0
20000000 0.728560 1 0
20000000 0.728560 1 0
20000000 0.728560 1 0
20000000 0.728560 1 0
20000000 0.728560 1 0
20000000 0.728560 1 0
20000000 0.728560 1 0
20000000 0.728560 1 0
20000000 0.728560 1 0
20000000 0.728560 1 0
20000000 0.728560 1 0
20000000 0.728560 1 0
20000000 0.728560 1 0
20000000 0.728560 1 0
20000000 0.728560 1 0
20000000 0.728560 1 0
20000000 0.728560 1 0
20000000 0.728560 1 0
20000000 0.728560 1 0
20000000 0.728560 1 0
20000000 0.728560 1 0
20000000 0.728560 1 0
20000000 0.728560 1 0
20000000 0.728560 1 0
20000000 0.728560 1 0
20000000 0.728560 1 0
20000000 0.728560 1 0
20000000 0.728560 1 0
20000000 0.728560 1 0
20000000 0.728560 1 0
20000000 0.728560 1 8
20000000 0.728560 1 8
20000000 0.728560 1 8
20000000 0.728560 1 8
20000000 0.728560 1 8
20000000 0.728560 1 8
20000000 0.728560 1 8
20000000 0.728560 1 8
20000000 0.728560 1 8
20000000 0.728560 1 8
20000000 0.728560 1 8
20000000 0.728560 1 8
20000000 0.728560 1 8
20000000 0.728560 1 8
20000000 0.728560 1 8
20000000 0.728560 1 8
20000000 0.728560 1 8
20000000 0.728560 1 8
20000000 0.728560 1 8
20000000 0.728560 1 8
20000000 0.728560 1 8
20000000 0.728560 1 8
20000000 0.728560 1 8
20000000 0.728560 1 8
20000000 0.728560 1 8
20000000 0.728560 1 8
20000000 0.728560 1 8
20000000 0.728560 1 8
20000000 0.728560 1 8
20000000 0.728560 1 8
20000000 0.728560 1 8
20000000 0.728560 1 8
20000000 0.728560 1 8
20000000 0.728560 1 8
20000000 0.728560 1 8
20000000 0.728560 1 8
20000000 0.728560 1 8
20000000 0.728560 1 8
20000000 0.728560 1 8
20000000 0.728560 1 8
20000000 0.728560 1 8
20000000 0.728560 1 8
20000000 0.728560 1 8
20000000 0.728560 1 8
20000000 0.728560 1 8
20000000 0.728560 1 8
20000000 0.728560 1 8
20000000 0.728560 1 8
20000000 0.728560 1 8
20000000 0.728560 1 8
20000000 0.728560 1 8
20000000 0.728560 1 8
20000000 0.728560 1 8
20000000 0.728560 1 8
20000000 0.728560 1 8
20000000 0.728560 1 8
20000000 0.728560 1 8
20000000 0.728560 1 8
20000000 0.728560 1 8
20000000 0.728560 1 8
20000000 0.728560 1 8
20000000 0.728560 1 8
20000000 0.728560 1 8
20000000 0.728560 1 8
20000000 0.728560 1 8
20000000 0.728560 1 8
20000000 0.728560 1 8
20000000 0.728560 1 8
20000000 0.728560 1 8
20000000 0.728560 1 8
20000000 0.728560 1 8
20000000 0.728560 1 8
20000000 0.728560 1 8
20000000 0.728560 1 8
20000000 0.728560 1 8
20000000 0.728560 1 8
20000000 0.728560 1 8
20000000 0.728560 1 8
20000000 0.728560 1 8
20000000 0.728560 1 8
20000000 0.728560 1 8
20000000 0.728560 1 8
20000000 0.728560 1 8
20000000 0.728560 1 8
20000000 0.728560 1 8
20000000 0.728560 1 8
20000000 0.728560 1 8
20000000 0.728560 1 8
20000000 0.728560 1 8
20000000 0.728560 1 8
20000000 0.728560 1 8
20000000 0.728560 1 8
20000000 0.728560 1 8
20000000 0.728560 1 8
20000000 0.728560 1 8
20000000 0.728560 1 8
20000000 0.728560 1 8
20000000 0.728560 1 8
20000000 0.728560 1 8
20000000 0.728560 1 8
1000 0.390000 1 4
